epoch,spec_rmsp,absorb_rmsp,s_b,s_s,s_w,s_f,s_m,s_muspx,s_bmie,f_b,f_s,f_f,f_muspx,f_bmie,m_b,m_s,m_w,m_c,m_muspx,m_bmie,i_s,i_muspx,i_bmie,c_s,c_muspx,c_bmie
0.0,12.946312701132005,0.0,0.0938438921742705,0.9497545433313228,0.22822429907272077,0.16819368354958095,0.5097381252034278,69.23743378038832,2.3420248149663374,0.16027479657973276,2.8972732236688777e-05,0.8397252034202672,7.817454881549313,1.5914890327168403,0.30799262655283444,0.002644110679703505,0.09315394586493675,0.5988534275822289,11.96715818674231,1.422476747674387,0.6673602356027704,1.7778144363829833,0.8678507726467758,0.9954005332076075,1.1574675719498853,0.2859299378981791
1.0,12.95177994733671,0.0,0.09369489179481628,0.8864810825015144,0.2279711915525928,0.15930007998739104,0.5190338366652,69.2001246335907,2.344610437462531,0.1807314285009581,2.603385954146729e-05,0.8192685714990419,7.810242522653532,1.6804909154039562,0.3443316646888213,0.003982206410705337,0.09316931822896606,0.5624990170822127,11.851000204291815,1.380916029032801,0.6691211072787147,1.684651502190423,0.9232545498414702,0.9983642773533952,1.1554459036272227,0.3499996135806551
2.0,12.952248709618738,0.0,0.0958158315341127,0.8661777302524174,0.22714382849544815,0.16351553163805105,0.5135248083323882,68.9825332452483,2.3379002279675465,0.19204387087488337,1.961595338125349e-05,0.8079561291251165,8.138495637166239,1.7395462003892428,0.3401546695077313,0.0012128416612476605,0.09315807919926819,0.5666872512930005,11.756587686500524,1.367088767663204,0.6683581166569322,1.7914761153638254,0.8846941044978895,0.9989715477489048,1.1483627393082392,0.3517707012467226
3.0,12.953344890360876,0.0,0.09343060558470963,0.8952842431132946,0.22820276647396637,0.16030974877072982,0.5180568791705942,69.12010744191895,2.347579945365118,0.17346426707504137,2.6562501938834752e-05,0.8265357329249586,7.806300883940359,1.6467664194376042,0.33002659608524165,0.003782647036963671,0.09318024264222344,0.5767931612725349,11.86390831106594,1.3931626375068582,0.6684245402362817,1.7001672372308914,0.907946535719188,0.9980380166254379,1.1568687063157153,0.34811936302577445
4.0,12.953586152782844,0.0,0.0941399279279925,0.8937216246000406,0.22740610475501305,0.1629632194613364,0.5154907478556581,69.1392920170862,2.3436102319565335,0.17969656060338718,2.5149965997204712e-05,0.8203034393966129,7.814638070675395,1.6916110549810723,0.3431591266996453,0.004175614660928627,0.09318182691486773,0.5636590463854869,11.817193828223907,1.3657794247152197,0.6702752328718182,1.6553592109701862,0.910561361424368,0.9981892353825091,1.1562413970896799,0.34571377584578744
5.0,12.955229665965307,0.0,0.09327674033843494,0.9362880819589874,0.2285493469223714,0.16458860991764476,0.5135853028215489,69.14140095587318,2.345582074984781,0.16035401023792747,2.8849317574932952e-05,0.8396459897620726,7.797889707633836,1.5893417253967692,0.3068271006620016,0.0030105946314276056,0.09316580174728233,0.6000070975907161,11.947416823043497,1.423314062807812,0.6671321013499395,1.7565169059288204,0.8772641498881755,0.9962223533060954,1.1576011435842997,0.31078149340632394
6.0,12.956978534205733,0.0,0.09383690124727923,0.8910387860445541,0.22845574081316952,0.15999285693148335,0.5177145010080679,69.28019713658259,2.357688904330191,0.15178734584837353,2.7644114260580006e-05,0.8482126541516265,7.7613937219815,1.635328286976487,0.3059917468310659,0.003720605129750403,0.09321080817101189,0.6007974449979222,11.901733874281188,1.4016572206564515,0.6667632823710775,1.7185161984252266,0.8649583865007466,0.9973325461781369,1.1613413671485593,0.3531082776636212
7.0,12.958358661585283,0.0,0.09460163083013338,0.8730490397205699,0.2277918072758621,0.16191716982066132,0.5156893920733433,68.98713619072677,2.3416634945410517,0.17974543259764417,2.2482733390457602e-05,0.8202545674023559,7.990064831176264,1.6950836821483188,0.3379632210544296,0.0025891065809378775,0.09316256987902884,0.5688742090665416,11.782611075663157,1.3773261731061328,0.667992669639204,1.7708801089742072,0.8827554405917672,0.9993088240729547,1.1476236610000443,0.3461854326329105
8.0,12.959716307789812,0.0,0.09356493467223012,0.8815717996511128,0.22770053075858135,0.16305973791126982,0.5156747966579187,68.89201686814434,2.340007103641435,0.18399319613188128,2.245348037802074e-05,0.8160068038681187,8.024365454764158,1.6785311325652197,0.3235479655044523,0.002325009574809351,0.09316235299251867,0.583289681503029,11.810108754208677,1.388768692105994,0.6675580988927612,1.76439873316443,0.8853017106336549,0.9985054185897282,1.1518202776715292,0.3533866677569518
9.0,12.959771075734015,0.0,0.09248661207399772,0.8984205177055298,0.22742429938261394,0.1639678054095942,0.5161212831337941,68.76846365138226,2.332482049095788,0.18116560527723277,2.2669286765980935e-05,0.8188343947227672,7.945374422931273,1.6955417613007284,0.3239699809550791,0.0029914805331933796,0.09317360988532605,0.5828564091595949,11.838794566274142,1.3787467448979505,0.667875086315542,1.6885793028451934,0.8821309227257083,0.9982125813652929,1.158426993165739,0.3585683413523922
10.0,12.960774994862899,0.0,0.09338428598996569,0.8889785377433804,0.22826269586209402,0.15206655552702764,0.5262864626209127,69.33414855462819,2.3541833455714403,0.16055005107943912,3.094700830496872e-05,0.8394499489205609,7.720696905564423,1.5823239328973495,0.3092882691693053,0.002637653018753036,0.09315090932173561,0.5975608215089591,12.023639649852333,1.429874604355061,0.665243099878985,1.784036562921528,0.8884256943809168,0.9970805032973891,1.1612065590661271,0.35378830858392607
11.0,12.961464216781135,0.0,0.09364202253986942,0.8958298454909006,0.22843319624553227,0.1597797575782921,0.5181450236363062,68.98452062573593,2.3456453646063293,0.17283690761737563,2.5690647730102735e-05,0.8271630923826243,7.911733682395168,1.6446853145650007,0.3196917665657521,0.003065960657347184,0.09317053265668417,0.5871377007775637,11.836594129589237,1.4015489348560208,0.6675707114981463,1.7247212640555807,0.8968685682409493,0.9984049672251634,1.1543555777249965,0.353256462822673
12.0,12.961549551885557,0.0,0.09267290787262787,0.8754977732860013,0.2278109700289552,0.16020898495905259,0.5193071371393644,68.8822466301216,2.3374905152762238,0.1843911901962828,2.3052744716120286e-05,0.8156088098037173,8.028977779044647,1.6758851390820815,0.32229641627474315,0.001320443368405825,0.09314410881077059,0.5845594749144862,11.812811890833,1.3935964370076124,0.6673834459992389,1.8188503924496353,0.8857813132147266,0.9989270241454302,1.1504097077909001,0.3599460369875795
13.0,12.962528488949504,0.0,0.09258727028866715,0.9365664335319561,0.22937727442552228,0.15475760646157266,0.523277848824238,69.26445954324302,2.35632870521908,0.14769384584147568,3.3677707333832304e-05,0.8523061541585244,7.657352977676496,1.559789339776301,0.3047692688527882,0.004136058970703436,0.09319677710597295,0.6020339540412388,11.985745368519403,1.4354870204632328,0.6664938860303353,1.7366778600874055,0.9215187747314424,0.9969813980340826,1.1678134259033595,0.33778217174619707
14.0,12.962703920957987,0.0,0.09498950918848195,0.9224232350388644,0.2289739845042444,0.15729670441754526,0.5187398018897283,69.24076714037591,2.357888007709933,0.14990001719828122,3.2212570164607065e-05,0.8500999828017188,7.621295294812122,1.532628001710986,0.30620736134958876,0.005259074012080204,0.09320018838922137,0.6005924502611899,11.987176580254422,1.4350364962203417,0.6671920340800581,1.7535775098925597,0.9152762890518962,0.9965670918352394,1.165056140654371,0.3297262210513152
15.0,12.962850077792739,0.0,0.0943927294741716,0.9654198679641619,0.2303732892775331,0.15605498233192033,0.5191789989163751,69.15260831128181,2.354918294634073,0.14310720591187137,3.3298051632960526e-05,0.8568927940881287,7.660687025272724,1.486267486790596,0.27370081728156154,0.009759530125067327,0.09319858146827432,0.6331006012501641,12.03255512566769,1.4868067145121926,0.6633932044220272,1.627134646210763,0.9621401145299139,0.9971038591403854,1.1739205073368575,0.36710521158430814
16.0,12.963076473052958,0.0,0.0946785290155149,0.8877646950521779,0.2282298319155956,0.15904138986465616,0.5180502492042334,68.88879363584397,2.3461952545345515,0.18089540669214235,2.4777562095119504e-05,0.8191045933078577,7.870048210752296,1.659353436859748,0.3200558051714574,0.003350120659167333,0.09318497755684102,0.5867592172717015,11.872490386424653,1.396940328632959,0.6676707281312488,1.6929540542852661,0.8967885509463087,0.9982894631055911,1.1519900113872126,0.3616439615309843
17.0,12.963666115492714,0.0,0.09341626443630699,0.9495612769466331,0.23011781486612967,0.15665402983349708,0.5198118908640663,69.10497648782531,2.3551200141235373,0.1472904257265888,3.241153711939287e-05,0.8527095742734112,7.69117103874202,1.50905182277286,0.28032786447159025,0.00801568980262048,0.09319495981446473,0.6264771757139451,11.995787034416054,1.4707621321719282,0.6641757660882088,1.6652356360896299,0.941710033201649,0.9972741731447855,1.16916937917363,0.3634331572309917
18.0,12.963845125503262,0.0,0.0923721761467862,0.8973010701369104,0.22804806905130393,0.16287324931082509,0.5167065054910849,68.83220356685457,2.3406848387249055,0.1752538410518662,2.3622635891107604e-05,0.8247461589481339,7.923733424301288,1.6625713788809167,0.31661665426256264,0.003011217377645558,0.09318160366878243,0.5902017420686549,11.844006536660258,1.3917740690982243,0.6673946700872772,1.7002212741532885,0.8827539964272253,0.9979767917423632,1.1562170779527687,0.35203190849123295
19.0,12.963866788224063,0.0,0.0931779682854395,0.8920314268022366,0.22828774489729853,0.15940378753276646,0.5191304992844955,68.97962841937687,2.347243059591017,0.16863078076554744,2.4737431458666758e-05,0.8313692192344525,7.923013657888576,1.6393846249735669,0.3121337388294773,0.0032511182963381366,0.09318585117286292,0.5946804099976597,11.873274909321838,1.4057625064048382,0.6670287454394475,1.764085157252151,0.8841934264911231,0.9975598319058725,1.154907708817408,0.3402912540510054
20.0,12.963866997229863,0.0,0.0938930539695679,0.8834921212733784,0.22903502044976623,0.15929814031046613,0.5177737852701998,69.49515008141312,2.3656254379228203,0.1464910901538432,3.2453767330977074e-05,0.8535089098461568,7.699018835122854,1.6025834795678047,0.28697374332033915,0.004519203348341001,0.09322313023368482,0.6198031264459761,11.960788295726244,1.41990959102757,0.6643231364169178,1.7639204147927612,0.8623599576247166,0.9966183379444484,1.1624050057444253,0.33153528523673564
21.0,12.96389596066359,0.0,0.08916824509294084,0.9071804172471932,0.22920186820795563,0.1565011404432103,0.5251287462558933,69.21150400165698,2.347959705898078,0.1594128951131666,3.217366028904873e-05,0.8405871048868334,7.703788938347954,1.5606189842686602,0.31150881703059136,0.0041540566832508185,0.09314604154539398,0.5953451414240147,11.986354059890473,1.4431155925257295,0.6671254016888155,1.7276586301522294,0.9212068715722267,0.9977051134701,1.1635045747898989,0.3488430462906609
22.0,12.964204734910213,0.0,0.08865262833580906,0.90682015593139,0.22903769914143823,0.15974584126684843,0.5225638312559043,68.89135906221307,2.345759836439443,0.16384499239861877,2.9764649159481068e-05,0.8361550076013813,7.758170073864531,1.5609627839470952,0.2922489125600436,0.004285355016710137,0.09315998465212648,0.61459110278783,11.943533031858678,1.43704756765251,0.666396661873676,1.6844388583851757,0.8920667056271325,0.9977040601969189,1.159622842272695,0.3613723439148154
23.0,12.964256603935356,0.0,0.0923611627978819,0.8937304941373647,0.22894629141857478,0.1599196882014991,0.5187728575820443,69.2463931502196,2.359716830407689,0.14900643984798959,2.8938744179559955e-05,0.8509935601520104,7.71804512257903,1.6072326559560624,0.3017981761179968,0.004158050170080941,0.0932172141240269,0.6049846097579763,11.925529511852291,1.4140643809184748,0.6660618845821329,1.7052662937756318,0.8655510458044807,0.9970330423581524,1.1625176975566478,0.35105778056858095
24.0,12.964510096460955,0.0,0.09275903799032158,0.9270266375710106,0.22907353824064489,0.15913292381571242,0.5190344999533212,69.1614541504589,2.3567169318011034,0.1498642230135509,3.171685558097402e-05,0.8501357769864492,7.669247404849346,1.5338976373908517,0.300039688236005,0.005892525185185293,0.0932018113833418,0.6067585003806532,11.95927737299713,1.4355092329030923,0.666211148986342,1.6958089350928516,0.9096885967809808,0.9964612281236255,1.166480145540331,0.3356371689838059
25.0,12.964645783839272,0.0,0.09648754460936183,0.8823333144984042,0.22796735947266616,0.1616584237801966,0.5138866721377754,69.10294501672807,2.351933275976383,0.18220793642618155,2.298060365103501e-05,0.8177920635738184,7.938252015025668,1.6774472658075563,0.3235840398394471,0.003055755129218405,0.0931814903884483,0.5832344697721047,11.836117770435365,1.384427742261832,0.6683204000898554,1.735294389271138,0.8842684676268043,0.9982447999116475,1.1517997519074588,0.35387128090541065
26.0,12.964677585191948,0.0,0.09215129644322125,0.8952281404540592,0.2288210722535823,0.16012586874689294,0.5189017625563035,69.08434739273706,2.3552290340067024,0.15639540911539923,2.7646084943055515e-05,0.8436045908846007,7.7759567577135975,1.6103312060193147,0.3005517142314349,0.0036674150114264868,0.0932030429389414,0.6062452428296238,11.900893935185186,1.4131475892040748,0.6663251546937909,1.6991013822288772,0.8678340785222749,0.9974991441712057,1.1593158476783687,0.3575399925861245
27.0,12.96478481636083,0.0,0.09497356312917049,0.9289626666504598,0.22902708899402657,0.15175080677601724,0.5242485411007857,69.43091023833779,2.3569233526372315,0.1389642390765698,3.308354637332984e-05,0.8610357609234303,7.575298296220582,1.5156627761464971,0.30632742383358524,0.005583291030731499,0.09318003751030574,0.6004925386561091,11.987836712323581,1.4394564096495233,0.6671116843710136,1.758464062897076,0.9167105661263424,0.9968132014514582,1.1676250294913357,0.33956967538442584
28.0,12.964980027101916,0.0,0.09068773616638576,0.9152372411680876,0.22894079671030546,0.16738954615254742,0.5129819209707615,69.54351608080104,2.3633131874751965,0.14246042224158373,3.4408879742718425e-05,0.8575395777584163,7.590005165057869,1.5427658588921296,0.3176707175206542,0.004813004992505511,0.09322577904968919,0.5891035034296567,12.031190716382497,1.4259879400242381,0.6651150638176166,1.8335318835830288,0.8959828816572013,0.9951909743204482,1.1710419114351613,0.28160406532770577
29.0,12.965004316613562,0.0,0.0921584348869126,0.8851618298064177,0.22815911248948348,0.16364786989825525,0.5160345827253487,68.88091809938754,2.343492691372161,0.1821437594686452,2.4084149596193592e-05,0.8178562405313549,7.908693312471345,1.6408350457931142,0.3203834016164656,0.0039870976897898765,0.09317347229800806,0.5864431260855264,11.843032560224563,1.398513470790418,0.6678176716876512,1.6806738059445534,0.8884962825271387,0.9982442961693627,1.1549276443038372,0.35516581979425316
30.0,12.965146209202748,0.0,0.08769684871475611,0.897716345540928,0.22781774534011398,0.16901041463666677,0.5154749913084631,68.48134929532523,2.3280448548551442,0.18095408681767639,2.409357501694926e-05,0.8190459131823236,7.941804233582618,1.6305835124643568,0.2956270495498716,0.0020619521798027167,0.0931517213516733,0.6112212290984551,11.836240086337686,1.400201907064568,0.6675781766913276,1.7264689249572813,0.8707064411911272,0.9984537896660363,1.1525996061264412,0.3469403219885602
31.0,12.965230929393732,0.0,0.0965780320815493,0.8669145345813918,0.22612587473959928,0.1734961972134309,0.5037998959654205,68.78143410393221,2.335711343530022,0.21078294736613584,1.4901747411360921e-05,0.7892170526338642,8.193924038721772,1.7966292133601998,0.3559863830610653,0.0018921493006688332,0.09317606503169276,0.5508375519072419,11.68740614550498,1.325400228320236,0.6706803825873461,1.6148150148975944,0.8741485888463987,0.9986655629376013,1.1465439517171547,0.3438926608792128
32.0,12.965254262299966,0.0,0.09350000135956256,0.9167034592425192,0.22805205399057832,0.1621933524227206,0.5162545922271387,69.13730337167223,2.35330427194445,0.15212628499635752,2.7420695609040084e-05,0.8478737150036424,7.748828725779374,1.5975704561149608,0.31985086337194724,0.0037692404968342175,0.09320269379918583,0.586946442828867,11.903206413139337,1.4035236711762373,0.6689865558745245,1.7470021131842495,0.883464604403924,0.9972131189423002,1.1673229372367686,0.34053813343121697
33.0,12.965413130381435,0.0,0.09350293869252756,0.8627755924999009,0.22898547553685605,0.17027206226534986,0.5072395235052665,69.87047283955599,2.3758134094294583,0.14875205958879195,3.2333727965649367e-05,0.851247940411208,7.675750634746412,1.6366711307590749,0.2938013276385744,0.005425691746088764,0.09326393995501692,0.6129347324064087,11.977035846949894,1.4017948163310479,0.6647496536077315,1.7960825477144868,0.850873450170749,0.9956051409605513,1.1666459703704182,0.30113594749068623
34.0,12.965549610310735,0.0,0.09411414452153796,0.8963899960942752,0.2283441971517606,0.1596491129533087,0.5178925453733928,68.9344666100748,2.3482865257943515,0.17274250572293032,2.5624668434269653e-05,0.8272574942770696,7.839640026202101,1.637240142356979,0.3168944974274271,0.0034351394750741313,0.09318882486908918,0.5899166777034837,11.88089865453713,1.4024673302287571,0.667796234095719,1.7082987959940548,0.8927945694596746,0.9980412430875003,1.155568127736658,0.35791921882469774
35.0,12.965620850248271,0.0,0.08939823955285728,0.8863111430907842,0.22867230732073685,0.16261608216615595,0.5193133709602499,68.97831801650254,2.3530804901724323,0.1754425754040158,2.5552162434009408e-05,0.8245574245959842,7.950046585881001,1.6392720170868418,0.2971081617998554,0.0024413934801434754,0.09317250760156268,0.609719330598582,11.795919316266811,1.399639028976863,0.6656845008893691,1.7120188150476676,0.8665935496805046,0.998393086921614,1.1511569405700737,0.3682473958767937
36.0,12.96584103763015,0.0,0.09261736226512846,0.944043783665655,0.2290929932181095,0.15714287175968533,0.5211467727570767,69.09232832153143,2.353167756142981,0.150677071902922,3.198062049530793e-05,0.849322928097078,7.638493039759279,1.506152283630017,0.3068233401227658,0.006594785992539412,0.09318874989391396,0.5999879099833203,11.971778063884425,1.444378513467734,0.6671037618017847,1.6669786015498085,0.9343613628838523,0.9964880869306945,1.168079161148762,0.33939694831242256
37.0,12.965943155091331,0.0,0.08713404418759514,0.9020970348880953,0.2288267956284974,0.16183496845110698,0.5222041917328006,68.7663896135276,2.3391463266375787,0.17129396294972318,2.869189437313133e-05,0.8287060370502768,7.8151940499009935,1.5799827280885985,0.29104303735095827,0.0038638988737941227,0.09314587850291667,0.6158110841461251,11.924503502116917,1.432375446825439,0.6667330700382534,1.6960344480075091,0.8907201101512323,0.9981332938745702,1.1572114660111423,0.3620686801440022
38.0,12.966154977380175,0.0,0.08591180950137176,0.8869757558738302,0.22713715032193482,0.17027051331276274,0.5166805268639307,68.58490840942588,2.3215649421250264,0.18893982352546831,2.248856970690778e-05,0.8110601764745317,8.01474749336353,1.6746762202437893,0.29855594752287107,0.001973471999135417,0.09314042923536958,0.6083036232417594,11.834839539162363,1.389324361981266,0.6675741359059868,1.7896822682007432,0.8657444131481732,0.9986407597898586,1.1510263962701477,0.3452496755982075
39.0,12.966280911642304,0.0,0.09304701082522125,0.8998006850678494,0.2287159717352314,0.1579831567544734,0.520253860685074,68.99190170587588,2.3497605008581313,0.16566864608468646,2.6349332274844617e-05,0.8343313539153135,7.862014027159024,1.6137669691155319,0.31023509033708224,0.0035327723790582687,0.09319035446427217,0.5965745551986457,11.895699909415702,1.417208501574271,0.6669197667267988,1.7619284008688536,0.8877380773972573,0.9975146835805984,1.1559715188520032,0.3449839727410309
40.0,12.966467416263754,0.0,0.09291565991123311,0.8923406590163903,0.22850180090021927,0.1616473227551622,0.5169352164333854,68.89900544370903,2.3458623590282914,0.17263692803012312,2.558599548183054e-05,0.8273630719698769,7.872119715614176,1.6253387680018863,0.3140960297138781,0.003110454778520284,0.09318163251129412,0.5927223377748279,11.895113641119014,1.410748523334463,0.6669281917013685,1.7449370781484284,0.8925306102660263,0.9976779344140791,1.155259916887717,0.3464274723403302
41.0,12.966474978781566,0.0,0.09395356894770261,0.888543993988384,0.2283021680064173,0.16501407898836518,0.5127301840575149,68.9575997945085,2.3486134975898274,0.17913298425962187,2.39252726908507e-05,0.8208670157403781,7.895949271015802,1.64608716747956,0.32284748291961546,0.0042028181646235965,0.09319076490566605,0.5839617521747185,11.83161531631301,1.3947879324947274,0.6678699229179622,1.6703545511553903,0.8914524015155043,0.9979407690677662,1.1550112606459697,0.3556750254539809
42.0,12.966483689128056,0.0,0.09216140493655307,0.9171142644745396,0.22906454169164503,0.15938907944086972,0.5193849739309323,69.15177923582016,2.359494917250344,0.16385117091642343,3.004292161431048e-05,0.8361488290835766,7.806322465228741,1.5875941029368041,0.3067886145150853,0.003975583509781063,0.09318239746262831,0.6000289880222864,11.832359633837807,1.4140023911215018,0.6662707884512216,1.6846201085189199,0.9040787747583631,0.9978545086366286,1.1568104331187339,0.36532248338575213
43.0,12.966495353249453,0.0,0.09208268072034731,0.9251702802071992,0.22946098446776436,0.15472068246266898,0.5237356523492194,68.99212046731503,2.351968254813366,0.1589653161792946,3.133721330234812e-05,0.8410346838207053,7.781663119310588,1.54368678426593,0.2774699188815748,0.003793171019619293,0.09318188167755946,0.6293481994408657,11.942397439904315,1.4500027910604312,0.6657156652425903,1.6822196625533565,0.9127789647326108,0.9971542465552992,1.163142586431907,0.3546286698397819
44.0,12.96654674610027,0.0,0.09319800134592797,0.8807753029765799,0.22813363851494764,0.16397447527802456,0.5146938848610998,68.8175261803753,2.34495690906099,0.18526248843223844,2.2694547927896892e-05,0.8147375115677615,7.9764612867270195,1.6652988532711963,0.32190509595777,0.0024550218129478045,0.0931738275065927,0.5849210765356373,11.81756486629033,1.3896369869191858,0.667508446398686,1.718130494361283,0.8882604012446347,0.9981990357100301,1.1512234466826972,0.35098280604598453
45.0,12.966553765512872,0.0,0.09013377745484787,0.9462516762938269,0.2299831087071359,0.15630131676412734,0.5235817970738889,68.95700749095266,2.3506455557793893,0.14831922757820362,3.2657666307322545e-05,0.8516807724217964,7.644875368000777,1.5573856809805147,0.31141712819043293,0.0037236388048513,0.09319767488525803,0.595385196924309,11.93331161940764,1.4353519309501226,0.6665551975345867,1.5984611392506916,0.9303936809696932,0.9971866322360714,1.1691039810582189,0.3674808974634105
46.0,12.966691574068385,0.0,0.09345600272323298,0.9145546296608845,0.2288471250002935,0.15538563372948833,0.5223112385469851,69.24216060832376,2.3589310034467528,0.15304789879743833,3.0429938708428303e-05,0.8469521012025616,7.6854524367613575,1.5643573174731618,0.3025233200767443,0.003990220486047248,0.09320647023344854,0.6042702096898072,11.949210082934009,1.4309734742581188,0.6665415347247992,1.7407495250653955,0.8900112847846553,0.9971158541356528,1.161367640819726,0.36013421209147173
47.0,12.966802916131353,0.0,0.08591535162877059,0.9028968719928471,0.22917921327753943,0.15839207146349443,0.5265133636301955,68.74532612389145,2.3404402798690502,0.169191121538668,2.9202015277297218e-05,0.830808878461332,7.802976686201463,1.5664898341284443,0.2879428696344469,0.004042794271957546,0.09314456487126245,0.6189125654942907,11.936598566175189,1.443184427290798,0.6658666879402999,1.6618497968909742,0.8868391871727279,0.9982232557240172,1.1576065688417416,0.37417377024149323
48.0,12.96684117248424,0.0,0.0922174411906334,0.922719170303338,0.22936650324163593,0.16006835162172048,0.5183477039460102,69.18949600081696,2.3630617011338124,0.16299878649360094,2.848948471991388e-05,0.8370012135063991,7.792529714496046,1.575834673401078,0.30574491493868855,0.003474350872447439,0.09318531232547678,0.6010697727358347,11.831819641272297,1.4164170630507578,0.6662846430455032,1.6562932089928308,0.9064154744308619,0.9978377387283994,1.1588371524520011,0.3637376409768509
49.0,12.966910176323815,0.0,0.09256570143294435,0.8963247945222994,0.2285270155802352,0.15344618811985855,0.5254610948669619,69.1175307187022,2.3506610902981375,0.16006323133744293,2.994117674298666e-05,0.8399367686625571,7.741057180720976,1.5805895409988469,0.30137898333592805,0.003015229779254452,0.09316105261177951,0.6054599640522924,11.992206096737355,1.4315383078036654,0.665415580185441,1.769848066083358,0.885766348926814,0.9973916610250553,1.1600597705034579,0.36088554781896787
50.0,12.96698668669787,0.0,0.090753154150378,0.9185940420092784,0.22948702072619978,0.1588326975070001,0.5209271276164222,69.18167044547947,2.3570267210890026,0.14914380878348107,2.8520545534458344e-05,0.850856191216519,7.709141538867335,1.5432274188319994,0.29383213487737353,0.0057033127127217535,0.09320608856059634,0.6129617765620301,11.928667240512432,1.4405065984734293,0.6655596592772967,1.7407959738652385,0.9043643465412881,0.996586596452468,1.1575326768411478,0.33332359326937083
51.0,12.9669988101656,0.0,0.09376167221765593,0.9214528522631191,0.22885817826843713,0.15885999621033373,0.5185201533035733,69.12160824031325,2.3571280539090953,0.15084334815273132,2.9860876646411755e-05,0.8491566518472686,7.700257986303486,1.5469539312872582,0.30383075501936385,0.004532090889269643,0.09319981588518347,0.6029694290954527,11.939458060038866,1.4302828348739323,0.6665683132396663,1.7434666302728437,0.8934287260070526,0.9970261596834487,1.1633331848609894,0.3471581631124465
52.0,12.967115663708686,0.0,0.09066316999935432,0.9131064008470728,0.22902300356652305,0.15890766297779654,0.5214061634563261,68.89947430140198,2.3492298986149716,0.16263337221198493,2.926115687266656e-05,0.8373666277880151,7.77313080885226,1.5639642205118904,0.2965646092449446,0.0043256508016817664,0.09317910456298854,0.6102562861920668,11.923883586815302,1.4325181399603935,0.6660948368956742,1.7194271486660435,0.8947324358288478,0.9976348510018695,1.159266982849629,0.3563038465954064
53.0,12.967424956515277,0.0,0.09388197596355678,0.903838086981132,0.2292060510435725,0.1520990960594431,0.5248128769334276,69.37773976341967,2.3537893361877416,0.15146278003758767,3.0868961540794716e-05,0.8485372199624123,7.7348944368308015,1.5776443448233368,0.30269228446538476,0.003317943606036645,0.09315993875141289,0.6041477767832024,11.930184434358793,1.4307303589713145,0.6666395008168255,1.7874714528059696,0.9015965377926752,0.9979499403192928,1.1599747081575367,0.350949007413396
54.0,12.967453689114455,0.0,0.09203383473237227,0.9239914247913101,0.22943861892274564,0.15610500005835476,0.5224225462865274,69.13001488288084,2.354798030581289,0.15325093995162978,3.1664169122345143e-05,0.8467490600483703,7.693841629749764,1.5632140230895284,0.3027779932293999,0.004263539132868142,0.0931950829826753,0.6040269237879249,11.954396278821122,1.4335295106373602,0.6663027255557312,1.7172425195416072,0.9093780559768305,0.9973120092061376,1.1643086177023068,0.3469464123372055
55.0,12.967488213048455,0.0,0.09327349660628131,0.8712626119309452,0.22784247190480578,0.16697013453980014,0.5119138969491127,68.730338417625,2.342555113162419,0.19505940960601445,2.0867155754423026e-05,0.8049405903939856,8.033684916511017,1.6910647953490288,0.3277400987681139,0.0019161465298925724,0.09316556402775299,0.5790943372041332,11.778497344727644,1.3758512295916432,0.6678027862346297,1.6962315411074975,0.8885215631683234,0.998541211774746,1.1488494105980442,0.35398222269846136
56.0,12.967580237420416,0.0,0.09463423930254221,0.9207302347125201,0.2288849573698249,0.16193669974408018,0.5145441035835527,69.06281484049045,2.3547752311354935,0.1627314751285154,2.6474697819482405e-05,0.8372685248714846,7.775219069904704,1.5684113389168541,0.31864696502324874,0.004977763817644765,0.09318728883851897,0.5881657461382324,11.870269589737003,1.413282819530669,0.6678372386702418,1.657723172543828,0.9137518536421367,0.997296587392333,1.1618782727939734,0.3380048004022016
57.0,12.967853208207389,0.0,0.08891300961336232,0.8753927692049589,0.22781871184561678,0.1677397208248475,0.5155285577161733,69.41183984688945,2.368493226925403,0.18483432750684553,2.6365942261364074e-05,0.8151656724931544,8.057799639943815,1.6873459730693714,0.28307223115632935,0.0019197164778950917,0.09318463127584431,0.6237431375678264,11.650751070491609,1.3602405314281825,0.6630749551759181,1.7116178398530955,0.8399570909971223,0.9980255108720877,1.1465565325504767,0.3668091730969436
58.0,12.967886661001604,0.0,0.09594768249535544,0.8547660189927858,0.22756400195699117,0.16794679335185975,0.5085415221957937,68.80639935790938,2.3459522112644455,0.20689760922396344,1.7979281182985883e-05,0.7931023907760366,8.123078835911551,1.7393412623591538,0.34717712020375174,0.0013939410197696804,0.09316585785252166,0.5596570219437267,11.727617313196216,1.355197696147123,0.6683669159813308,1.6903739511421139,0.8968684783330171,0.9987883097378277,1.1453697272513619,0.3535122837817418
59.0,12.967897392468373,0.0,0.08958920302227603,0.9044223667721782,0.2290278096686773,0.15791287981455293,0.5234701074944937,68.94947980711201,2.3475811467516507,0.16134671500565462,2.8474891497498374e-05,0.8386532849943454,7.782422819183758,1.579450530171663,0.2974945185719744,0.0036123455417288227,0.09316700091821799,0.6093384805098075,11.903683032984556,1.4278705282760635,0.666491153842335,1.7109264379285567,0.8878229931953258,0.998038924353747,1.157560749515915,0.3644486595504196
60.0,12.96790332875661,0.0,0.09308353506860162,0.8959718734038087,0.22879386534745283,0.15778429425300522,0.5203383053309403,68.93675088703924,2.349662663501336,0.17016952326715493,2.8047050832246538e-05,0.829830476732845,7.773930452210605,1.589167890905978,0.30494121332565244,0.002849449893093925,0.09316624083797335,0.6018925458363743,11.918190226630475,1.421268008658945,0.6667873992911343,1.7049767322280602,0.894035726287889,0.9979423317313274,1.1559139905345415,0.363211565137029
61.0,12.967921906148144,0.0,0.09190946116475911,0.9154705108272121,0.22860914753695621,0.15979492565606926,0.5196864656422154,68.94386145416847,2.34799225091926,0.1660671996293575,2.691786998936563e-05,0.8339328003706425,7.776310657702078,1.550533314603961,0.3120394848527927,0.005655577476622756,0.09314971444973444,0.5948108006974729,11.88323796104386,1.4247029780974807,0.6683604364023233,1.6201017212415012,0.9103661955223893,0.9978442824370657,1.159666979424898,0.3611069642135798
62.0,12.967941410374547,0.0,0.09463470293771467,0.9236884658250727,0.22889884704637964,0.1541091543786124,0.5223572956372933,69.18010677956524,2.354907718638649,0.15369672811188212,3.063063540305673e-05,0.8463032718881178,7.65418167576034,1.5289874761966968,0.3117632500700672,0.005383445194734323,0.0931835718669416,0.5950531780629913,11.980765102485348,1.4381426416614085,0.6670140591879565,1.7461704524662807,0.9205260797897001,0.9971189092292148,1.1626937283395182,0.3404944343407792
63.0,12.968088061392454,0.0,0.0925861650974918,0.9122071314853337,0.2288450776471047,0.16199824252441275,0.5165705147309908,69.02970186779456,2.3544178487851943,0.1570078667556964,2.860824260139744e-05,0.8429921332443036,7.767610982229124,1.5748085317381533,0.30220800676232745,0.0034814839639575154,0.0932016417165648,0.6045903515211077,11.913028743825723,1.4209740573269034,0.6666911395808066,1.742807185984101,0.8821553464214771,0.9971778404211973,1.1604029577767832,0.339001003662395
64.0,12.968126443829238,0.0,0.09258578287512785,0.8854844285713123,0.22853366136924302,0.15439060956408793,0.5244899461915412,68.82650594720212,2.3443666499891087,0.1771371322510935,2.714132887756405e-05,0.8228628677489066,7.815837122968637,1.6090684192116151,0.30475408666557735,0.0022460101728713957,0.09314986268954761,0.602096050644875,11.916009884969224,1.4183233565849167,0.666397264948918,1.7142862729894663,0.8932722066951648,0.9987190316887492,1.150692133412187,0.3682230865203885
65.0,12.968178679645135,0.0,0.09385272341434528,0.9156075234180339,0.22920596854730563,0.1531308006401691,0.52381050739818,69.44301989396799,2.355876814294644,0.1473206205193411,3.247570994225226e-05,0.8526793794806589,7.669106535497755,1.565846228189983,0.30358724037299634,0.0034458629488998862,0.09317201294714801,0.6032407466798557,11.953023878626858,1.431939079256198,0.66718457347731,1.8045282520232058,0.9087863723052253,0.9974675021982112,1.1627960593615492,0.3451597710176244
66.0,12.96822715361364,0.0,0.09125947601472294,0.9211778262316825,0.22926039249704944,0.15602087928112252,0.5234592522071052,69.02530782221041,2.357023008264332,0.15765473347069978,2.9324025258432738e-05,0.8423452665293003,7.679968871696028,1.5638600751781069,0.2895216715383394,0.003899847229250502,0.09319414280009053,0.6172841856615701,11.939131344993365,1.4254284009010896,0.6664505448452543,1.6691900833050675,0.9006464678688428,0.997631634097212,1.1603512554535387,0.35597179446316457
67.0,12.968236347759996,0.0,0.09233658964418269,0.9118621056203007,0.22883307214394036,0.15658791775291597,0.5222424204589611,69.0654577850832,2.352162927562656,0.15546937602349964,3.1308277858676605e-05,0.8445306239765004,7.724960425397639,1.5525175580483626,0.2986126105330941,0.00462357805027995,0.09319017420314117,0.6081972152637648,11.93969435759608,1.4365366091353227,0.6655138308228908,1.7569949773503524,0.8896709563248066,0.9974693764152442,1.1603415601408829,0.3545604346324886
68.0,12.968251690049716,0.0,0.09256738805030962,0.9226302893340963,0.22852330063396273,0.15770333517803178,0.5212059761376959,68.97587617540464,2.3492215548857187,0.15722911302062464,2.8090920428539562e-05,0.8427708869793753,7.798379184611515,1.5810807722888502,0.3057137235529388,0.0037814229495906583,0.09318427522203483,0.6011020012250263,11.905092243529936,1.420161476719747,0.6670742016282709,1.73814443365497,0.8960117909189985,0.9983403936668839,1.1618007458609405,0.3340880707597666
69.0,12.96829977406447,0.0,0.0991881654165638,0.8425685373677342,0.22484933200072535,0.18024972609691928,0.49571277648579154,68.70738570936507,2.328592689630188,0.23209353943275135,8.505662667927148e-06,0.7679064605672485,8.402377156491113,1.8908943871399861,0.37341819221631967,0.000920001064437887,0.09317198541275298,0.5334098223709274,11.585317430668448,1.2834395246819286,0.6720911967136509,1.5943817888698775,0.8561167826473794,0.9991888521342851,1.1387929696016599,0.34032762656139287
70.0,12.96830350414796,0.0,0.09311205271259695,0.9198328928001822,0.22886215522766234,0.15772187445031527,0.5203039176094254,68.96907196195868,2.3529395708552956,0.15876850886124752,2.8379352961454217e-05,0.8412314911387525,7.723609502318951,1.5647807776117275,0.3096124499141227,0.004906857647569507,0.09319466142478297,0.5971928886610943,11.921942852943918,1.4250473390959606,0.6671525262491271,1.7029374657245975,0.904030026121257,0.9975090392886905,1.1608907934463584,0.35484115779401176
71.0,12.968303512602319,0.0,0.09075875439604023,0.9269437430087979,0.22981759381078376,0.1556581838489228,0.5237654679442532,68.96978603125777,2.351118277957126,0.15173639640538117,3.159750032434603e-05,0.8482636035946188,7.718384794540157,1.5517933642069524,0.29415551060720296,0.0034650951052894534,0.09319064084764887,0.6126538485451483,11.939277904037649,1.4428723736790845,0.6654414297870741,1.6735884204959286,0.9141835304109898,0.9975969903802944,1.163216110254285,0.35332241285168636
72.0,12.968480952278576,0.0,0.09245187155170848,0.9010906434409773,0.22881283108730713,0.16012262135267422,0.5186126760083103,69.00439795420063,2.3532252594619365,0.16354977358122366,2.7285948752110207e-05,0.8364502264187763,7.806661212944442,1.5943593546350134,0.30330662331626507,0.003018772908177053,0.0931855643379896,0.6035078123457454,11.894056590840348,1.4168865100417918,0.6667836315798092,1.6931655637678338,0.8790883402770906,0.9977043140322424,1.15674084188297,0.3543282140072177
73.0,12.968515673939946,0.0,0.09122598018485395,0.910376650687223,0.2292552627001167,0.15293655053608862,0.5265822065789407,69.15210247521658,2.347812995627566,0.14939815786758442,3.082473123472887e-05,0.8506018421324156,7.722311114302599,1.570201434931199,0.2983090412368502,0.0036718647354891548,0.09316099210444855,0.6085299666587013,11.913188153385155,1.4339784502268387,0.6665649977278442,1.7354398739948849,0.9007068130893652,0.9980987582517511,1.160071080892192,0.3650890785250244
74.0,12.96851986050912,0.0,0.0879251248281331,0.9042557978072641,0.22839941180043505,0.16501681691568099,0.5186586464557509,68.57821653705625,2.3357609169583653,0.1713830103701165,2.6642904897297322e-05,0.8286169896298835,7.854897077709949,1.5945118613287792,0.2888660558968382,0.0029605575501383567,0.09316497637821562,0.6179689677249462,11.880257407790502,1.417158296480683,0.6666745267412274,1.7079467210382648,0.8718277328389361,0.9980470158485824,1.1558087772914092,0.3549221005319005
75.0,12.968535508714321,0.0,0.09475574965079477,0.8668875589654506,0.2288904565112127,0.1566582502348246,0.5196955436031679,69.53038708591976,2.365305510346924,0.15216578062614333,3.108228186685707e-05,0.8478342193738567,7.741301159736406,1.6233406778680877,0.2848594481913642,0.0032792388701202097,0.09320773740251838,0.6219328144061175,11.972279575555495,1.4176211344868046,0.6638084315981115,1.7747901122197212,0.8518979162613454,0.9969910078812962,1.157176573826809,0.33684310859540295
76.0,12.968567957284419,0.0,0.09097703961121432,0.9083882240457568,0.22913005050160773,0.16231752961702212,0.5175753802701558,69.1315592923942,2.355986211958368,0.15414041136703813,2.9999520298753136e-05,0.8458595886329618,7.709499144863177,1.5528646271265532,0.30345735249186045,0.0038687643179595547,0.09320339930643398,0.6033392482017056,11.954343857362913,1.4324189810786714,0.6657432585416566,1.7641352688054406,0.8840662919875637,0.9968420783736647,1.1612416609507017,0.327155673731916
77.0,12.968604184865999,0.0,0.08991260857010828,0.9077612143218174,0.2292799097765222,0.15283942548404839,0.5279680561693211,69.00664376584089,2.343781086294027,0.15043692654170607,2.9999241880967175e-05,0.8495630734582938,7.748913403705021,1.5723790383018068,0.29566994166877714,0.003784865628783789,0.09315548168309881,0.611174576648124,11.893270290764303,1.434998135712159,0.6662552098531114,1.7008956849807244,0.8966670334814351,0.9984143862785211,1.1587085916575133,0.3750537322787244
78.0,12.968623903234668,0.0,0.09158665998320478,0.917279484275042,0.22886869044276636,0.16045015824808906,0.5190944913259398,68.9507845931385,2.3502066525715914,0.16182106744957497,2.7933272714142655e-05,0.8381789325504251,7.771020104201002,1.549452352251199,0.3082621570958688,0.005020607277465443,0.09316876321367029,0.5985690796904609,11.898529860969852,1.4286166291805027,0.6674751159923543,1.6743679133297875,0.9037175882322686,0.9975566132800224,1.1609199747090488,0.35315834812214353
79.0,12.968642116877682,0.0,0.09699472564792222,0.8440063536051962,0.22895263125542203,0.15750498360684073,0.5165476594898151,69.81008814196936,2.3731376458468683,0.15138822171428848,3.1160217801473634e-05,0.8486117782857114,7.744135450317224,1.6591070606649698,0.28220306273174595,0.0027681743422974794,0.09322294666313162,0.6245739906051224,11.992397237511252,1.407167889958159,0.662991844058779,1.7923449084611955,0.8373375388579979,0.9965505265255926,1.1568838080216204,0.31999960988585846
80.0,12.968669366208452,0.0,0.0925357972564744,0.9122071314853337,0.22872058353422717,0.15789348274302956,0.5208501364662689,69.02970186779456,2.3516084335187997,0.1570078667556964,2.860824260139744e-05,0.8429921332443036,7.789392757476901,1.5873230606932784,0.3009958632296377,0.003709464203888853,0.09318837048410522,0.6058157662862571,11.913028743825723,1.4209740573269034,0.6664655606734914,1.742807185984101,0.8889504080530346,0.9980195583482168,1.1604029577767832,0.339001003662395
81.0,12.968804992685092,0.0,0.09177739266248308,0.9368038702648828,0.22949533349828657,0.1560674023864688,0.5226598714527616,68.99543829279872,2.3530550699089576,0.16358637732829806,3.166869837644505e-05,0.8364136226717019,7.832251933050404,1.5617844262805687,0.28391178919453003,0.0038237508069566863,0.09317925329842251,0.6229089575070474,11.9239708105013,1.444601672196732,0.6664856371709357,1.6562556910944313,0.9224013932699664,0.9967810928128028,1.166280848602156,0.36593347588593755
82.0,12.968828981585697,0.0,0.09511997890908498,0.8687876597552985,0.22783744553450241,0.16134588577535705,0.5156966897810555,69.03469585201799,2.34249168999086,0.1776215508305256,2.2497359896676037e-05,0.8223784491694744,7.972914519382318,1.7033599569398685,0.3451708488294182,0.0027211550840021406,0.0931626783222839,0.561666472848298,11.768862236390397,1.371604913606202,0.6682099550124254,1.7741207968790957,0.8814823055708235,0.999710526814568,1.1455253526643019,0.34258481507088984
83.0,12.968868126453104,0.0,0.09294951832211369,0.9193318772423307,0.22908131467109888,0.15427555647147698,0.5236936105353105,69.18577699746194,2.3529012326845935,0.14890196492259364,3.100181298450953e-05,0.8510980350774064,7.672160166509494,1.5394348537292826,0.3000097968403519,0.0047552913971963175,0.09317727342007096,0.6068129297395772,11.9584476024326,1.4377073006268435,0.6665641398384088,1.747150298322203,0.9041836485631711,0.9973135783094973,1.1627673621886385,0.3492553542227062
84.0,12.968871749325125,0.0,0.09263548166566819,0.8990856397945457,0.22881305608368246,0.15914935316347262,0.5194021090871768,68.94425760200653,2.3486959782714054,0.1705879643661709,2.649993231168585e-05,0.8294120356338291,7.858908447078177,1.6110319628993983,0.31205956018153486,0.0032730579229089925,0.09317997665122704,0.5947604631672381,11.873792073386428,1.4156723186938989,0.6670492155942767,1.7432585611045175,0.8904222805700452,0.9979411085976568,1.155168056477249,0.3552694223947888
85.0,12.968886401064374,0.0,0.09372685244223532,0.901513560815429,0.22905599393998766,0.15562764784691152,0.5215895057708655,69.14531885493295,2.350704819752453,0.15955238746469685,2.970645337844693e-05,0.8404476125353031,7.72225663808694,1.5778014874152673,0.30273294066344886,0.003078508723843507,0.09316818045845043,0.6040988788781007,11.936143770164923,1.4275860223419814,0.6673869559454073,1.7484520764257345,0.9061596406253185,0.9976603740745453,1.156319423242401,0.35114797331354747
86.0,12.968901604584214,0.0,0.09261306265661971,0.912502481192563,0.229110572974745,0.152353766968364,0.5259225974002713,69.22193251081643,2.349703321281323,0.14669522683437752,3.132187095427243e-05,0.8533047731656226,7.695112213704807,1.580550983159703,0.30307444117129423,0.0036294192862174036,0.09316358572170447,0.6037619731070013,11.934129599601459,1.4277313819263153,0.6673466555680281,1.7458629207126652,0.903965610493793,0.997796794371761,1.1615211885846628,0.36300083285595935
87.0,12.968940727934896,0.0,0.09219599134830823,0.9178407716990776,0.2295298073383003,0.1548712111702452,0.5234029901431463,69.1829544424792,2.361191359310461,0.1464640611127084,3.22677436609638e-05,0.8535359388872916,7.625114129779454,1.516582914283588,0.2950626213812426,0.0052687526835141696,0.09319289900028271,0.6117444796184747,11.987935267922785,1.447949182915676,0.6656117094896621,1.6573824825997314,0.8952087617375668,0.9967025149490661,1.165249386882985,0.35974755938004627
88.0,12.968944827063265,0.0,0.0882270106381687,0.9242749548846074,0.22875373807122887,0.1749507752740577,0.5080684760165447,69.67878703244764,2.366066592661948,0.13408597359211752,3.673945301391279e-05,0.8659140264078825,7.506480395695018,1.5187339378414224,0.32436871289456004,0.00586119189685249,0.09325242498341782,0.5823788621220223,12.075781033260327,1.424927238831431,0.6644837383313105,1.8632069773081525,0.8944374101188644,0.9938047009580709,1.1789724078626285,0.2469009173518097
89.0,12.968957804201215,0.0,0.09155679873226602,0.9042762464128571,0.22880569481379986,0.15929382926311367,0.5203436771908204,68.86994222752583,2.348956051521322,0.16040777653868718,2.6492085222473623e-05,0.8395922234613129,7.8119548418400235,1.5900611138000378,0.2985851634766899,0.0033013453899201272,0.09318863070254806,0.6082262058207621,11.892528181100937,1.4214912294360187,0.6666761003300277,1.7003844694258656,0.8784104101239485,0.9979748563465598,1.1573907950469873,0.35879280202101055
90.0,12.968961184805384,0.0,0.08724916612664528,0.8582611073122064,0.22712949888545167,0.17386118754828664,0.5117601474396165,69.61420702844967,2.375848701812329,0.20004769736867012,2.501372478343761e-05,0.7999523026313299,8.22125893045679,1.7424337652256456,0.27436558902083164,0.0008759979621565566,0.09318076557718305,0.6324536454019853,11.511163490351738,1.324697875070786,0.6613375572741418,1.7095768734221368,0.8126254264559448,0.9981278868489123,1.14128250049894,0.3681828332580501
91.0,12.969105442426205,0.0,0.09231047344758632,0.9192535571294496,0.22903074465735154,0.16189062182057412,0.516768160074488,68.96464841986564,2.354250707907026,0.15632948311977496,2.837836424029495e-05,0.8436705168802251,7.767977190270793,1.5711204648257968,0.30034701953652454,0.0035614720199909715,0.09320409859401353,0.606448881869462,11.903593309050155,1.4216074220712143,0.6667048263408482,1.7214337609380683,0.8847363459377052,0.99725156552088,1.1618547709640208,0.342242559268335
92.0,12.969175928014486,0.0,0.0928115794571868,0.88715385968624,0.22850985207623836,0.16110513372132426,0.5175734347452506,68.83434567087544,2.3505975509329846,0.17529946261158827,2.4270909581263075e-05,0.8247005373884118,7.879062119633815,1.6377402960540635,0.304482541496232,0.0029979207569482565,0.09318158562617951,0.6023358728775885,11.839399784932585,1.4007588766454981,0.6666485526082644,1.6362371185027544,0.8681955016654721,0.9985876885998326,1.153265483403065,0.37962090949687355
93.0,12.969199077049215,0.0,0.09337067995543587,0.9239621248545464,0.2296636529381303,0.15475431728858952,0.5222113498178445,69.11842490077795,2.352443047949917,0.15396956092127903,3.1419975229689876e-05,0.846030439078721,7.662188603545909,1.573009737037617,0.30886895010000504,0.00329780987626171,0.09318548487324062,0.5979455650267544,11.954053348273955,1.4309970343724905,0.6670778868423006,1.686427139615796,0.9270637517818234,0.997377695588574,1.1626110545521515,0.3512946466620634
94.0,12.969318730397148,0.0,0.08956065814975714,0.9018068020429817,0.22917109937288976,0.1579073807292995,0.5233608617480536,68.89275981487103,2.3482285638231923,0.16345874204005242,2.964254877615233e-05,0.8365412579599476,7.780068731086705,1.5720068233518951,0.2937061284426785,0.003492108048754872,0.09317118378717625,0.6131226877701452,11.944550095067056,1.4370206613119887,0.6659198244175915,1.706921674759701,0.8878227103409893,0.9977783445520144,1.157010178115022,0.3601919026847057
95.0,12.969337857504165,0.0,0.08859415758227454,0.910279840502125,0.22924806768945627,0.15762238224648867,0.5245353924817806,68.9985257198681,2.347222348793113,0.159265712091997,3.146742480797656e-05,0.8407342879080031,7.716785252795974,1.55181917070393,0.2986031740982338,0.004315631732482766,0.09316034184293115,0.608236484058835,11.968230878310656,1.4435521212442715,0.666448322252821,1.7109449625048667,0.9034087273863686,0.9976547814983406,1.1623806898789124,0.3561659751548836
96.0,12.969357147376089,0.0,0.09255598726077283,0.8967686482798947,0.22891484048434574,0.15874778737969075,0.5197813848751907,69.06331944087873,2.3530422071383064,0.16359156715450296,2.783059439179543e-05,0.836408432845497,7.823897174438331,1.6004418365397408,0.303674714516609,0.003028843904763101,0.09317922019452224,0.6031460652888687,11.891340642041575,1.4197725918586037,0.6663296726589361,1.7449855145162663,0.8869591180119125,0.9979487254768034,1.1561122095076946,0.35561940642682627
97.0,12.969444246195625,0.0,0.09415032878272521,0.9000293947891802,0.22912601743688193,0.15620129165163496,0.5205223621287579,69.11044119325274,2.3544228608247018,0.160014404475886,2.8568390310664453e-05,0.839985595524114,7.672318484219467,1.5323857409709938,0.2985253916532878,0.005286037971518639,0.09319127604571319,0.6082833323009991,11.928060020642075,1.4362416431791896,0.6659808108385924,1.740205514304833,0.9116602451074353,0.9975396583791614,1.1627687807580545,0.35428328185422264
98.0,12.969476266833976,0.0,0.09150437510033034,0.8775341791155428,0.22838568580333812,0.15099914901707678,0.5291107900792549,68.76223926239706,2.3398049436939052,0.17809736989011016,2.7357869319960265e-05,0.82190263010989,7.818086081652725,1.618381643072059,0.2974996180612932,0.0008568146000218109,0.0931257563608093,0.6093746255778976,11.942578484904299,1.4202566362895905,0.6655590298745659,1.7322880886205865,0.8915617512781449,0.9991825733366432,1.148326317460504,0.37651456395994193
99.0,12.969478719879733,0.0,0.0924920364171215,0.8958598720457995,0.2287869579875555,0.16053638782583313,0.5181846177694899,68.90187681181727,2.3523202076857608,0.16729011276794908,2.61554017447539e-05,0.8327098872320509,7.842263265692163,1.6121129278456499,0.3010341876664646,0.003347218367458079,0.0931912627209693,0.6057745496125662,11.873954168743163,1.4124181703554257,0.6664521549533695,1.6882899372171511,0.8750214891023892,0.9979258174974261,1.1553539664032653,0.36301601557529917
100.0,12.969500610923689,0.0,0.09246190869534988,0.9127046410569266,0.22899570549524648,0.15599475632031135,0.5225476294890924,69.10126098853152,2.352040929112981,0.16539056664394688,3.092740785510016e-05,0.8346094333560532,7.824102511308176,1.5766071605534362,0.30553253416956305,0.004208728612639289,0.09317746344953802,0.601290002380899,11.916372591162187,1.431124968688223,0.6657867360011757,1.7304910010331434,0.9066139449101577,0.997784058212581,1.1612660302529278,0.35177416896318775
101.0,12.969666851724101,0.0,0.09071514150427766,0.9206791785522996,0.22944882475750505,0.16063069214966497,0.5192053415885524,69.07198321998303,2.353450581730141,0.15286698108418356,3.1206432573083485e-05,0.8471330189158165,7.71194937736823,1.5442238900905483,0.2945595459716995,0.005016166912599737,0.0931902913994649,0.6122501626288357,11.96848584841728,1.444007858733816,0.6654947611706185,1.7233350867445383,0.9009923040121682,0.9969882147932159,1.1638660086775694,0.34761140512097405
102.0,12.969672039886303,0.0,0.09180581411126962,0.9081880862235718,0.2291637327471627,0.16087320084864315,0.5181572522929245,69.05188222631678,2.35558268768626,0.15237968089244075,2.8739742863897628e-05,0.8476203191075592,7.737097326510173,1.5701892442545011,0.29336585859168535,0.004165876009680216,0.0932082776231992,0.6134258637851155,11.941693465262377,1.4307982180675978,0.6653048271619255,1.7351856429646384,0.8821615155543566,0.9971811025187972,1.1605757348663888,0.3436917145472375
103.0,12.969725423451479,0.0,0.0954738006551901,0.8764204442291204,0.22729164233860744,0.16694101113233423,0.5102935458738682,68.81612414325815,2.3429746097351307,0.19438081516364442,1.908938721492826e-05,0.8056191848363556,8.04616131577738,1.7144836839231923,0.3309228333669024,0.002482037681630958,0.09317990888188216,0.5758972577512154,11.767532613672392,1.3664372324563565,0.6686443621414726,1.6541712482863575,0.8766636002073507,0.9985906482474756,1.147632379747892,0.3608598154028665
104.0,12.969731608570237,0.0,0.09667645869462269,0.8611934000864057,0.2264202707486305,0.17246249303445202,0.5044407775222948,68.74752087688864,2.3370772049027773,0.21036948107231807,1.4934704371685191e-05,0.789630518927682,8.199772333575446,1.7843820150872487,0.3480776242438138,0.0017310306884067747,0.0931741660391266,0.5587482097170596,11.689151652819795,1.333404238444293,0.6699204562156481,1.6272940488880019,0.8682781855075982,0.9988611383827615,1.1438714802422527,0.35094473928250347
105.0,12.969800020874136,0.0,0.09240950417470767,0.9197547770864423,0.22910750764618348,0.1568990455574606,0.5215839426216483,68.92526464472046,2.3525745635015687,0.15746479820033596,2.92113080283018e-05,0.8425352017996641,7.703868030149549,1.5561968794662688,0.3052243596253498,0.0051092313618125145,0.09319390905467327,0.6015817313199769,11.928390768816644,1.430740882455019,0.6667915528995706,1.6794253869562568,0.9053396469861402,0.9974772558840675,1.1607634621075333,0.35982987075301226
106.0,12.969801153467147,0.0,0.09183126179906159,0.9161765380779845,0.2292211016513066,0.16051654642048263,0.5184310901291492,69.0916545532358,2.358045714957091,0.1617084288351746,2.9615744557839143e-05,0.8382915711648254,7.796911512642353,1.5781939846198774,0.30171445677339076,0.003942528791587682,0.09318662458847549,0.6050989186381338,11.858530973579182,1.4211916481967242,0.6662794975328314,1.6972659452143017,0.8973777034133384,0.9976115037374789,1.1582097964209934,0.3628416802820023
107.0,12.969804948514144,0.0,0.09071709475951058,0.8985947940349894,0.22849746344719266,0.15696038766933298,0.5238250541239639,68.95026658183767,2.345582074984781,0.16336448785969776,2.8849317574932952e-05,0.8366355121403022,7.797889707633836,1.5893417253967692,0.2944834297256327,0.0030105946314276056,0.0931592750733085,0.6123572952010587,11.947416823043497,1.4264982815632727,0.6656825289930813,1.7565169059288204,0.8772641498881755,0.9977210915081789,1.1576011435842997,0.3619978698709446
108.0,12.969810750675027,0.0,0.09330243221092023,0.8880517816163869,0.22863097609052568,0.16179272694665423,0.5162738647518998,68.96240662250766,2.351399059928297,0.17818137929860442,2.5719203257871186e-05,0.8218186207013956,7.876290746703969,1.6328310441767888,0.32104030858437127,0.002799319578448998,0.09318309731050278,0.585776594105126,11.860180328065617,1.4025768068064974,0.6673798547802949,1.7293641541040399,0.9036667309835343,0.9978063266784218,1.1540528704579183,0.34518201702081946
109.0,12.969846602155185,0.0,0.09265569714840564,0.9066798881593445,0.2292528008787025,0.1537915134830643,0.5242999884898276,69.19643084842966,2.352350666862763,0.15304464208191512,3.0413881024507792e-05,0.8469553579180849,7.739541662673457,1.574183912181638,0.29910292524764837,0.0034281757204899853,0.09316824251606445,0.6077288322362873,11.925329941078827,1.4319153418681414,0.6664500165004883,1.7557480806741768,0.8967702230329258,0.9979178449230522,1.1589080623341084,0.35699115003436227
110.0,12.969847491728775,0.0,0.09343410088166942,0.9138729904372991,0.22923256853160273,0.15325893151021375,0.5240743990765141,69.3556271354348,2.354688915431784,0.1492857077109799,3.176170595642507e-05,0.8507142922890201,7.687287152656113,1.566400911842483,0.30194407053663996,0.0035225632925883765,0.09317323032371407,0.604882699139646,11.949122056117181,1.433255820301095,0.6669671105325666,1.792031804662328,0.9030378286102906,0.9975417010644445,1.1616280282998663,0.3493937401675933
111.0,12.969872913183256,0.0,0.09187353865023669,0.9262117548929216,0.22970661067623718,0.15604577067867412,0.5223740799948521,69.03947312685057,2.3530268475671976,0.15410835637936326,2.9994018243603647e-05,0.8458916436206367,7.70930578874533,1.5678205858061534,0.30517687371578045,0.0037549104879303977,0.09319087314933278,0.6016322531348868,11.93462006097722,1.4322627819956577,0.6663638479079715,1.681942440409226,0.9170580328025995,0.9975135271562008,1.1625398937261546,0.3505694780414824
112.0,12.969929080212609,0.0,0.09093079268811685,0.8844825095900799,0.22796945622114836,0.16189175712165838,0.5192079939690765,68.64758859644022,2.337025440963857,0.17887600105749268,2.3016835080099e-05,0.8211239989425073,8.029387578793697,1.6575171672053342,0.29796158202658896,0.0009929907745517461,0.09314890630789294,0.6088895116655182,11.789208914595248,1.3998685943737255,0.6666390982662529,1.7049629402809454,0.8488633277897122,0.9992613862743066,1.1476710447864331,0.3843217993144965
113.0,12.969964932905754,0.0,0.09377507105158653,0.8260147714339751,0.2244401380991524,0.1755458886757258,0.5062389021735354,68.12438565079113,2.3032562132609584,0.23948286150253228,4.218309210367935e-06,0.7605171384974676,8.567390913223376,1.921405969634359,0.354885162965118,0.0,0.09312772400596904,0.551987113028913,11.543732345301793,1.2886918269983492,0.6700540165526873,1.6275978568396703,0.8302521697781884,1.0,1.1327247553771382,0.3783752076965313
114.0,12.970024821096878,0.0,0.09321724912488102,0.898627316179007,0.2287672078690063,0.1581178268902338,0.5198977161158789,69.02480195046402,2.3522315195337287,0.16694050235238284,2.69458872145053e-05,0.8330594976476172,7.849241512604606,1.6022079704135364,0.3078641567626428,0.0027897636995149514,0.09317335060675384,0.5989624926306033,11.876235351586804,1.417999029709147,0.6669058157027185,1.7437595062490683,0.891420344152345,0.9982231307762737,1.1554063135951227,0.36109972081812847
115.0,12.970026485744988,0.0,0.0943613909291442,0.8920149833663651,0.22865390841017147,0.16128626408310232,0.5156984365775821,68.91787494070553,2.3484038737718973,0.18148373038912538,2.3704166504302688e-05,0.8185162696108746,7.9280767403282875,1.6484363456241338,0.3255877401747749,0.0031431834074215786,0.09319197669610724,0.581220283129118,11.832812272789687,1.4022580347352007,0.6678262765290519,1.7216956738998512,0.888863313274967,0.9980669098403094,1.151082289840968,0.353643678609161
116.0,12.970061978972241,0.0,0.09512827468269491,0.8800351346858882,0.227689759247457,0.16601790443367662,0.5111640616361715,68.80398828903401,2.3417011081112973,0.19627420016634545,1.8720117602410724e-05,0.8037257998336547,8.030341865505788,1.7121825209150905,0.34459530260868926,0.002422756992656152,0.09319320437167336,0.5622114930196375,11.761755647731274,1.3694963249576888,0.6698535145382463,1.7100510528367765,0.8746781969505268,0.9983196980242084,1.1458270965725321,0.3526853155897471
117.0,12.970125391112841,0.0,0.09146389048451567,0.9070353669712246,0.22897307458892896,0.1573804296246056,0.5221826053019498,69.01411592762528,2.344267812395181,0.16629052851803588,3.0297070131895125e-05,0.8337094714819641,7.812722791943463,1.5955204846911186,0.30479383065021115,0.003519801842691195,0.09315551545226791,0.602050653897521,11.884443744967488,1.4235239410561316,0.6670440020185332,1.7358245526418206,0.9117172849733269,0.998539159889349,1.156990983686225,0.3488012414160734
118.0,12.97013364148307,0.0,0.0882585110108326,0.8835456083131958,0.2280675342538689,0.1666900424599383,0.5169839122753602,69.13490090083494,2.358150934084195,0.18169872299903353,2.6164792735173243e-05,0.8183012770009664,8.007083674518105,1.6598649991817398,0.2842761742342227,0.0022828605446715113,0.09317827638315099,0.6225455493826263,11.71934393321253,1.379002662841426,0.6639508606190749,1.7049554617497853,0.8482553616519567,0.9980911011441295,1.1490970429488196,0.36559804830594567
119.0,12.970157270850834,0.0,0.0912513954011113,0.9108070060399203,0.22923555874308552,0.154052868054502,0.5254601778013013,69.095872597793,2.351333207442978,0.15249860232490992,3.0390749090167363e-05,0.8475013976750901,7.715633423200626,1.565384531049881,0.29456789832618,0.003825318220313548,0.09317249505108524,0.6122596066227348,11.918413092170784,1.4325171133051615,0.6664699820189609,1.7145734481103478,0.8968583482126024,0.9979557452574714,1.159292606071847,0.36377285189292163
120.0,12.970182930607757,0.0,0.09075711308677029,0.9005273646281307,0.228741365584749,0.15892644671597742,0.5215750746125033,68.7989466310775,2.3463375914345597,0.16892653617618003,2.6167114764421445e-05,0.83107346382382,7.860754507007015,1.6112822394432555,0.3028500114739637,0.0031957069413831017,0.09317729515940147,0.6039726933666348,11.866416086799502,1.4154801847186425,0.666702199724607,1.7067298091818737,0.88100276332692,0.9984030647842184,1.1538542334342712,0.37016660474777224
121.0,12.97020157474294,0.0,0.09307172895577173,0.8949539220689038,0.22857728064223828,0.16138214067710607,0.516968849724884,68.87336483694288,2.347854674435684,0.17829230979777724,2.4783090357096747e-05,0.8217076902022228,7.905926877114018,1.6298204321216665,0.31843882283893027,0.003186398583651548,0.09318553231486157,0.5883756448462082,11.857583240279642,1.4070781894254265,0.6673987367149848,1.7371390960528403,0.8867916470448864,0.9978896867688951,1.1536683905705019,0.3519074762753227
122.0,12.970225677193824,0.0,0.0930630107984054,0.9158756967791071,0.2292895119304983,0.1563006234445125,0.5213468538265837,69.02163904569639,2.3526613835345582,0.15543842211626363,3.0233884497243602e-05,0.8445615778837364,7.704868201193246,1.5727021294819208,0.30357213919606124,0.0036296869472446976,0.0931909332015839,0.6032369276023548,11.9546533506692,1.4303701441075867,0.6665589459965261,1.7201391581330063,0.9107579249507798,0.9974330455957267,1.1597535498861091,0.3495805341214081
123.0,12.97025846558582,0.0,0.08738471491781831,0.919203882495538,0.2292424432407822,0.15632472577552115,0.5270481160658784,68.9211917872123,2.3433666174151755,0.1610098756249372,3.2253681642561966e-05,0.8389901243750628,7.692797686502117,1.5295683273054523,0.30095508650941893,0.004680098740219758,0.09314405481473914,0.6059008586758419,11.989053157581296,1.453372730096072,0.6671798139341761,1.6924943435207693,0.9168382959041009,0.997827949025158,1.1646913848331875,0.3628329596420981
124.0,12.970310791150615,0.0,0.09090573185298446,0.9193273646205469,0.22915275400006901,0.16610355673551255,0.513837957411434,69.35733683564149,2.3613040505013694,0.14523398352071232,3.3273802330567366e-05,0.8547660164792876,7.624908023582981,1.5418129780824135,0.31052575967480744,0.004950393745399958,0.09321899802485586,0.5962552423003367,12.003016111563262,1.4310300586081608,0.665373163197529,1.7784748398353296,0.8955036311033897,0.9956095691318225,1.168831327771957,0.3101746269043388
125.0,12.970316533381103,0.0,0.09226594499223115,0.9116092278956969,0.22897038220653182,0.1565607727156163,0.5222029000856208,69.07176530155779,2.355187436916766,0.15638969670819097,2.9300142737529235e-05,0.8436103032918091,7.729736595621732,1.5726384142238514,0.29976451701368206,0.003651397984577663,0.09319833046704058,0.6070371525192774,11.927665702805049,1.429252106499389,0.6664108666224284,1.7266575072360333,0.8873889160697395,0.9974883987528238,1.1587401231465666,0.36371758136896404
126.0,12.970388466479857,0.0,0.09281712084339605,0.9313745725608404,0.22898000469709118,0.1556831832125756,0.5225196912469372,69.06159347920679,2.357504009836048,0.14973019151338732,3.125073982405396e-05,0.8502698084866127,7.599076118599749,1.5131791083558148,0.29728567562917163,0.006402775074893413,0.09320304762126216,0.6095112767495662,11.987275090814245,1.441898536304076,0.6668613808688342,1.6688668992718467,0.9115675569780266,0.9968622539840504,1.1650670512605936,0.35235695380422277
127.0,12.970402736291808,0.0,0.09137908723816657,0.9329550219719336,0.22999425364210588,0.15529262889833195,0.5233340302213957,69.06793582135312,2.3531256672167506,0.1499078303044869,3.1573631098750527e-05,0.8500921696955132,7.681987046623664,1.550906786074362,0.30138181571322453,0.003759236963724934,0.09319153187898882,0.6054266524077867,11.951613916786227,1.440562266178622,0.6659003345430464,1.6743554410892727,0.9249868135316568,0.997347616283321,1.1647244319848573,0.3460061181176243
128.0,12.970421630787296,0.0,0.09329631273783438,0.8947191676721902,0.2287734105289247,0.15927466178234106,0.5186556149508998,68.97989698450888,2.350811702057225,0.17353402603809137,2.678957503400007e-05,0.8264659739619087,7.8931876896875695,1.6181541092990726,0.30917260165369687,0.0028887869498788513,0.09317192727327266,0.5976554710730304,11.856695558485953,1.412750657001662,0.6670521992165126,1.7402743933615545,0.8959842604585393,0.9983582223913385,1.1535959248217198,0.35708931691648393
129.0,12.970440706628832,0.0,0.0976833743630412,0.9193509584683607,0.2295753245681656,0.15323585086279162,0.5195054502060017,69.37126196615759,2.3597684974480453,0.1539056255298913,3.2408170773610794e-05,0.8460943744701088,7.5853037449972405,1.5708538815744273,0.31722435693414447,0.003166037651830135,0.09319409333314106,0.5895815497327145,11.99733084472799,1.425533101457788,0.6678287195722388,1.733851595020855,0.9453972882810222,0.9969026131252704,1.163931651208563,0.32950693843591267
130.0,12.970499350732224,0.0,0.0940599882683522,0.923619622242841,0.22890616305571185,0.15605141108068016,0.5209824375952559,69.11044119325274,2.355666043070493,0.15408396986616985,3.0240491992545176e-05,0.8459160301338301,7.672318484219467,1.5323857409709938,0.3079674003475226,0.005286037971518639,0.09319099129865623,0.5988416083538212,11.96711208676804,1.4362416431791896,0.6668327837919437,1.7294775376459746,0.9116602451074353,0.9970778683802006,1.1627687807580545,0.3434156530502268
131.0,12.970509769594544,0.0,0.0895710226463496,0.915844473697587,0.2293621790715501,0.15718134178493978,0.5238854564971606,69.0416693980454,2.3498495378040625,0.15590047130373175,3.162117455093292e-05,0.8440995286962683,7.693154338253172,1.5535156516028212,0.2995014645738483,0.004307051019484945,0.09317302955340062,0.607325505872751,11.968969258305659,1.4408544934556586,0.6664709847578513,1.7111308534241199,0.9055549116720794,0.9974912577955655,1.1633502580408508,0.35277939474338244
132.0,12.970510497465899,0.0,0.09262449094041683,0.9403395806824535,0.22932983138722662,0.156228845374599,0.5218168322977575,69.03008660355337,2.354737163498894,0.1509711976428665,3.1776227396435505e-05,0.8490288023571335,7.636800866504588,1.4956749007504055,0.30228403565362527,0.00669604683127745,0.09319551121988319,0.6045204531264915,11.972758039023915,1.4502640185887952,0.6668886893772034,1.684474287535612,0.9241904717715346,0.996622916866933,1.167647818132768,0.3452679820797846
133.0,12.970518471044638,0.0,0.09475792388425927,0.9144094599519976,0.22952674332284217,0.154091317513359,0.5216240152795396,69.1876037907031,2.3532134017372863,0.15639113235402563,3.0889536196418736e-05,0.8436088676459744,7.6696085616366805,1.5797057610620895,0.30777687377553586,0.0031153117640090287,0.09318026058237598,0.5990428656420881,11.962942660645236,1.429130650124934,0.6673018965456067,1.7241268540579837,0.9256366392727363,0.9974595798825039,1.1598283717638371,0.3443576820329146
134.0,12.970526545797,0.0,0.08927825315633638,0.9094990468981876,0.2284313920105382,0.16397944199721542,0.5183109128359101,68.99611911218126,2.354976010853345,0.17430879798411694,2.7221153875063437e-05,0.8256912020158831,7.881079830885938,1.5961689291725616,0.29307184110269474,0.0033452131847953627,0.09317881447459124,0.613749344422714,11.784104127844577,1.4014891611220628,0.6656120531017461,1.7180959053503546,0.8789102354411141,0.9977838368932006,1.1544223867460328,0.3640995045052258
135.0,12.970535263535462,0.0,0.09027779765653987,0.9126499696859594,0.2287661070227941,0.15496478349079232,0.5259913118298738,68.97098497382055,2.3496412393470356,0.15372089844985296,3.092640999762394e-05,0.8462791015501471,7.735632578574771,1.5518079122743234,0.29017221911060065,0.004301367925765671,0.09317731888129187,0.6166504620081075,11.93204425164398,1.438527623544096,0.6654416066767769,1.7396805197367726,0.8810186710680405,0.9978719705927037,1.1577621054371863,0.370530106014492
136.0,12.970608119196058,0.0,0.08885520626678779,0.9146740144996653,0.22886814959379975,0.1536744334809001,0.5286022106585123,68.83010249504447,2.345456404243624,0.15320030931430362,2.783562463287119e-05,0.8467996906856964,7.727997265532725,1.595884315298154,0.3013852183558579,0.003810791680589057,0.09318859255968084,0.6054261890844612,11.93202856099952,1.4269345522156707,0.6673052506806767,1.6429239795364068,0.8732543249810456,0.9983003926418824,1.1593277766389791,0.390198452812655
137.0,12.9706379166597,0.0,0.09203952568046117,0.9098946044105327,0.22896669321339602,0.15510142980056316,0.5238923513055797,69.2797873983605,2.352081119848978,0.1576477467904942,3.154584375332742e-05,0.8423522532095058,7.6376702626681805,1.587788307016328,0.32229044116013933,0.004661911186345198,0.09318284690069352,0.5845267119391672,11.938804021742857,1.4187733799622433,0.667783433387982,1.7313986036635585,0.9249472572384411,0.9976852501580135,1.162438946061485,0.3469084874871763
138.0,12.970659406008151,0.0,0.08747511619079808,0.9056913802927975,0.22924313853872755,0.15824966913613586,0.5250320761343386,68.80681487380244,2.343864719245893,0.16583804810448774,2.9500864256405153e-05,0.8341619518955123,7.785249377871901,1.5669704192252665,0.2913990489580681,0.003966629079157278,0.09315747293029883,0.615443478111633,11.931735758862862,1.439939989020214,0.6659564932146783,1.6799576900473678,0.8898632324581299,0.9980676237603535,1.1580819968967273,0.3682581189643196
139.0,12.970667196544834,0.0,0.09283962691279635,0.9380926039722928,0.2290748561920169,0.16170771718116944,0.5163777997140173,69.15312911032161,2.3567129382568837,0.14302532136990456,3.16633819309032e-05,0.8569746786300955,7.674351084794513,1.54695130479469,0.3033786730022777,0.003891867232393719,0.09322316219226222,0.60339816480546,11.954971994116494,1.4272397842438234,0.6665191843505097,1.8000851792676573,0.898253354023556,0.9963580038389336,1.1682381428144257,0.3121888794809973
140.0,12.97070777808999,0.0,0.09298537553358405,0.9136405981784697,0.22857292762409062,0.16086455913061373,0.5175771377117117,69.02581255853644,2.352469068313951,0.15643670378450625,2.731888111256995e-05,0.8435632962154939,7.77882365710171,1.5930135533514407,0.31057188193936663,0.003605177106887728,0.09319651949358547,0.596231598567048,11.897715190762082,1.4135213334203538,0.6680472460246593,1.738988279411632,0.8848066064864066,0.997544803051319,1.1627243604355488,0.3504697334121245
141.0,12.970742155640375,0.0,0.08781712925426768,0.9088018203698898,0.22922349264067282,0.15912406611733476,0.5238353119877248,68.81474800876535,2.3447497940107036,0.16277521375012,2.9822741622988532e-05,0.83722478624988,7.766005426836327,1.560803299668188,0.29230391589121413,0.004129741808635761,0.09316336437952778,0.614532719729258,11.948324222334666,1.4411592213554596,0.6660392176593498,1.6900115949292371,0.890046684429194,0.9978054909389905,1.159779102329329,0.36386392340430196
142.0,12.970743981294214,0.0,0.0896475947862718,0.9058270708374621,0.22876645479564436,0.1609365273816103,0.5206494230364737,68.81832832237383,2.345486227844639,0.16598847094944902,2.7757484392159117e-05,0.834011529050551,7.796718793959265,1.5870399412839848,0.2946154780524907,0.0035765162155239434,0.09317818946067452,0.6122063324868348,11.9025469951835,1.422666498172129,0.6665118881056613,1.7293263713148819,0.8817265094313731,0.9979302972508532,1.1570246880235053,0.36022801749688577
143.0,12.97076285180118,0.0,0.09192152443373025,0.9066858940177562,0.229281334254687,0.1555163769680385,0.5232807643435443,69.15738024108056,2.351772898046764,0.15386439945088143,3.0319943636374473e-05,0.8461356005491185,7.741662260008434,1.5740912103813698,0.29915717795562835,0.0034450147542967346,0.09317226883601679,0.6076705532083548,11.928794822384065,1.4320842637930011,0.6662747974165457,1.7553182420322977,0.8952092770121859,0.997769051707533,1.1586206099846457,0.35231081180408863
144.0,12.970845181966615,0.0,0.08715096606366604,0.8943869170320803,0.22774659767272043,0.1665770892062871,0.5185253470573264,68.6043936532896,2.3294241154505437,0.1805126618763024,2.4398231619813653e-05,0.8194873381236976,7.953842734702695,1.6438573040983013,0.2928386819926681,0.0024693619451127717,0.09315331057026402,0.6140080074370678,11.859287508422,1.4028551181563815,0.667002592771282,1.7518029082144513,0.864693866928349,0.9984435577478595,1.1528051862082667,0.3545495003944833
145.0,12.970881601145186,0.0,0.09103799801177215,0.9257261501199534,0.22910275828823198,0.15781390834056436,0.5220453353594314,68.81624722819848,2.3487459740478576,0.155708064901876,3.027937379966981e-05,0.844291935098124,7.697798835384624,1.5313361986816247,0.2937822685274948,0.005515885128929909,0.09319241070323524,0.61302532076927,11.944835055912767,1.4414578788482235,0.6662434011849013,1.6679616331599627,0.9053288109095363,0.9973321726448505,1.1627367419943428,0.35982447287371055
146.0,12.970976364790964,0.0,0.08890197320612195,0.9126105062782215,0.228373496680196,0.16201301045599578,0.5207115196576864,68.71851104064473,2.340297474846861,0.169768820539177,2.741356232503738e-05,0.830231179460823,7.793739734012816,1.5745572493260571,0.2983309893933576,0.003699279329840098,0.0931713199628592,0.6084976906437831,11.894737200745539,1.423619936217325,0.6675381769656763,1.740266325171917,0.8857848161048506,0.9980834326183368,1.1569722561508269,0.3619546667954924
147.0,12.971057378574523,0.0,0.09151904532959147,0.9136255380463036,0.2293470064533698,0.15472107841696398,0.5244128698000747,69.00836570595926,2.3568594528147213,0.1480633905598468,3.0051586139741812e-05,0.8519366094401533,7.693693314060083,1.5483837152078463,0.29334094070426053,0.004693304594669304,0.09320731085762263,0.6134517484381168,11.976884740577994,1.4398380392298382,0.665882757302983,1.6993683904508694,0.8873578715368253,0.9966233543654108,1.161894320421554,0.34494674519765745
148.0,12.971062291032116,0.0,0.09027535766244027,0.9148502509610532,0.2293092641068084,0.15881080684992205,0.5216045713808293,68.92576211848252,2.3538241810911846,0.1566689894748206,2.9591560704176223e-05,0.8433310105251794,7.7424205211470385,1.5584940695357865,0.29508302351812377,0.004293290788286783,0.09318568685256207,0.6117312896293142,11.937189890802117,1.4366960173972627,0.666071743365111,1.6669029133980295,0.8873099961518356,0.9972515167953828,1.1610775077240625,0.3686163356649145
149.0,12.97106758252177,0.0,0.0911654374832388,0.9158654837875863,0.22915222126200696,0.15973960229960052,0.5199427389551537,68.94474855528573,2.3548416616715118,0.15644861110227173,2.925801223624313e-05,0.8435513888977283,7.745838006561774,1.5590551765793257,0.2973863426923816,0.004229776514679403,0.09319246849626134,0.6094211888113571,11.931650229136535,1.433592603026259,0.6661508523248758,1.6879437871230725,0.886152235664492,0.9972112900059156,1.1612024022698102,0.3631545466070625
150.0,12.971083651552565,0.0,0.09157820407517003,0.909332991058812,0.2289444876304081,0.15872229958684297,0.5207550087075788,68.9828344352056,2.3471659699346294,0.16335825561429074,2.9242315360675706e-05,0.8366417443857093,7.801362745151926,1.5922095031023307,0.30525048932505217,0.0035355919869592897,0.09317046136012426,0.6015790493148236,11.888964275837441,1.4220966233636914,0.6671355754325351,1.7275340288994876,0.9006969884133824,0.9981559310985186,1.1580061666753587,0.3522419536686833
151.0,12.971099067414826,0.0,0.0917160785691735,0.9247849645911981,0.22934247423966098,0.1514850949862844,0.5274563522048811,69.17309158554303,2.3537546448745577,0.15851935783610938,3.44284754372249e-05,0.8414806421638907,7.788179131454363,1.5418671570903741,0.2968750597945369,0.004211683836647136,0.093170812721474,0.6099541274839893,11.958751228586774,1.4492934867849705,0.6647451425427824,1.76055922597202,0.9141947166074843,0.9977057027849885,1.164393415056407,0.3498237407177912
152.0,12.971109727232694,0.0,0.09287242827645768,0.9141137804893076,0.22922937690082734,0.152404093119115,0.5254941017036,69.22284815210845,2.3544571861078634,0.145718553524203,3.0798772063690255e-05,0.8542814464757971,7.68704915019736,1.5635605592658988,0.29420617810990224,0.0036849979498432377,0.09318195954515039,0.6126118623449474,11.946132817753508,1.4347753301155004,0.6667379825463363,1.7345086401001673,0.8911124432434507,0.9975747742660872,1.160206309347036,0.3602768892606729
153.0,12.97114932542501,0.0,0.09345229631405773,0.9472017231418717,0.22915554275552902,0.15625010598107153,0.5211420549493418,69.06479918580638,2.3544247103468665,0.15034798196538107,3.205109610457912e-05,0.8496520180346189,7.617356790395864,1.4879787645294258,0.30818506508728155,0.0072660621625356475,0.09319595189424708,0.5986189830184714,11.976858314348142,1.4491533377098746,0.6673736825036679,1.6756140956480576,0.9382389518154461,0.9963960684860268,1.1696731768250146,0.34048679988437386
154.0,12.971180010405238,0.0,0.09182890316042117,0.8972014009104877,0.22891263555079006,0.1582465227358226,0.5210119385529662,68.86437877564053,2.34822096228473,0.16975189127140083,2.7684439444633248e-05,0.8302481087285992,7.801516488673618,1.5885112263026406,0.29967121218412224,0.0029244025642035337,0.09316789215846176,0.607160895657416,11.912633973436524,1.4251503308357065,0.6663918947357537,1.7108405433113791,0.8895639524325709,0.9980539318196018,1.155055401649152,0.3648361091657004
155.0,12.971210233870114,0.0,0.09344636389388276,0.8878272245989933,0.22815334349397104,0.16202136188901156,0.5163789307231346,68.90742100947203,2.3474808525323114,0.17604022051594737,2.3521921464426386e-05,0.8239597794840526,7.976743841321047,1.659745307361269,0.31126356873497785,0.003113399047984983,0.09318481727862746,0.5955516139863947,11.831521670445428,1.3954125182002906,0.6670925049196389,1.7144549693658266,0.87338130714642,0.9979196407844357,1.151100436878029,0.34830485618075263
156.0,12.971219685266696,0.0,0.09364975119326022,0.960048301942057,0.22898374225502038,0.15611507747113124,0.5212514290805882,69.10349953478804,2.354343321285931,0.14849131701340165,3.278627653726987e-05,0.8515086829865983,7.592157062317522,1.477128302536848,0.31005458548641607,0.007927848917979525,0.09319178688448897,0.5967536276290949,11.986734571793628,1.4494785556891883,0.6676342513365439,1.6295485942706207,0.9527017742781635,0.9960878952418545,1.172420278282846,0.33854277361769647
157.0,12.971260657665342,0.0,0.09273658626652434,0.9117969912930171,0.22857747735950407,0.15619887432565036,0.5224870620483212,69.12708423605801,2.3515019531808665,0.1549538902047256,3.213482620414764e-05,0.8450461097952744,7.7329012484987825,1.5463536503980453,0.3029272259345606,0.004834161065215187,0.09318150446837507,0.6038912695970644,11.925573079709487,1.434568455460973,0.665432502617024,1.7544347077664741,0.8849290150104385,0.9974908437046001,1.1603310412151564,0.35405882841267894
158.0,12.971263281174522,0.0,0.09001565106799096,0.9019120208879154,0.22893341337405776,0.15803737877229476,0.5230135567856565,68.92846013021655,2.3477349173053104,0.16223857339722214,2.7192377221579155e-05,0.8377614266027779,7.8105532047785236,1.5912925413721202,0.29701938048929183,0.0033109371742628467,0.09316985480762664,0.6098107647030815,11.876019670701943,1.421149845575403,0.6665095102378411,1.7109184988244241,0.8811433928277361,0.9982035570060641,1.1554950607889163,0.36799838143422087
159.0,12.971273109522105,0.0,0.09161795840868013,0.9072656490822861,0.22861410142454341,0.1599390167574535,0.519828923409323,68.99979683919872,2.349710828545132,0.15942251129313773,2.952263512730778e-05,0.8405774887068622,7.783885732564221,1.5784550385314038,0.2976747970527078,0.0032459625046645877,0.09317887934355594,0.6091463236037362,11.94492331903124,1.4271157127203016,0.66608538038508,1.784523461025962,0.8806259891573982,0.9971658574515163,1.1596660768222293,0.3502103137313085
160.0,12.971298532603086,0.0,0.09016688343605768,0.9015664103635521,0.228774192363272,0.1597979448806427,0.5212609793200276,68.99879092859035,2.356225862477314,0.1614853312233479,2.920179420372433e-05,0.8385146687766522,7.80390771358457,1.5677954563376666,0.3010213512131559,0.004600236614145527,0.09318291948742718,0.6057957292994169,11.87845007124448,1.422289291787638,0.6654376218990755,1.7013494672514522,0.8850790431712618,0.9973622764223036,1.1574678613274347,0.35875600877468866
161.0,12.971300093925162,0.0,0.09245334679013828,0.9072483719778475,0.22925987920002594,0.15411632020436106,0.5241704538054748,69.16713762508817,2.353005153701598,0.15396967855212065,3.039601122577907e-05,0.8460303214478794,7.730509277794791,1.573103583462236,0.30011258821746034,0.003572366669668969,0.09317232447685904,0.6067150873056807,11.931307307393634,1.4316986260996059,0.6664353616807623,1.752698560820674,0.8975866376292774,0.9978409646525452,1.159251126366816,0.35671272296488754
162.0,12.971316200652435,0.0,0.09280869463761572,0.883022656037261,0.22913243779080233,0.1578934607673827,0.5201654068041993,69.18979739613502,2.3583996773646705,0.15692355708580466,2.9890283527624142e-05,0.8430764429141954,7.7688837378157976,1.6108654052752969,0.2906743411897014,0.003722644817339144,0.09319887156701069,0.616126787243288,11.926804905919733,1.419125366566638,0.6649156310649877,1.7391954156479157,0.8716867428604248,0.9973655217111921,1.1574148598531826,0.3522973742088629
163.0,12.971336339624518,0.0,0.09255061317467776,0.9115588626095614,0.2292620285806756,0.15463575564244705,0.5235516026021996,69.18886387161209,2.353795020364688,0.15151450555956844,3.102388661382923e-05,0.8484854944404316,7.705021864940975,1.5663126151192641,0.30014834325338924,0.003836481215751842,0.0931794606151796,0.6066721961314312,11.942201863755665,1.4334068108411624,0.6665886613171118,1.7513369067011753,0.8989698775045839,0.9976304179565678,1.1607390649168436,0.3534238346697702
164.0,12.971345579975146,0.0,0.09094452260824419,0.9120121229139335,0.22927497296335614,0.16128680155988212,0.5184937028685175,69.09547496837708,2.35596477961419,0.15331274689144966,3.0318351726674353e-05,0.8466872531085503,7.717382601564608,1.5469636931825737,0.30233073302743013,0.0038946305550662265,0.0932032678176894,0.6044659991548804,11.954991456158766,1.4368855829315104,0.6655815010836063,1.7713281377516155,0.8882047614831048,0.9969041812289139,1.162080360391759,0.331265297554377
165.0,12.971348063823923,0.0,0.08863982155259446,0.9126057903834642,0.22866590483902957,0.15265193964442658,0.5300423339639495,68.94341864975499,2.346027643078948,0.15188445052932095,3.209534637895074e-05,0.8481155494706791,7.722365532645331,1.5436067756470102,0.28430125227178155,0.004569233347438369,0.09316661507167537,0.6225321326565431,11.938539488273635,1.4442133516617264,0.6650183370365702,1.7389880582697212,0.8784953086443114,0.9981130766852304,1.156900094325243,0.3793989322244013
166.0,12.971348537968439,0.0,0.09253815019875379,0.8869504428879664,0.22866091412912148,0.152020581180836,0.5267803544912887,68.79429829274444,2.336841283254392,0.15812977535717623,2.8668743565288952e-05,0.8418702246428237,7.9018947751651645,1.5567992786796045,0.24595038423615415,0.0025887333489626034,0.09316336568037341,0.6608862500834725,11.936226680568312,1.4526906730349474,0.663247062472395,1.7886764028993452,0.8791450355405028,0.9989783030391329,1.1500259748807915,0.3198183205721369
167.0,12.971412593400995,0.0,0.09413099528534843,0.9222844060962896,0.2289660708392926,0.15851834518410285,0.5183845886912561,69.10863436129739,2.3578091292031593,0.15537071939370378,3.048191937625803e-05,0.8446292806062963,7.667999005521895,1.5319966771558846,0.30827760846453,0.0064231373576139564,0.09320577936542186,0.5985166121700481,11.95138076217591,1.4329655885968733,0.6667550781463317,1.7085462082825402,0.90841673573684,0.9968141757773488,1.1641358207113446,0.33940558274456323
168.0,12.971420789702341,0.0,0.09289041524959665,0.859139403780435,0.22905259364805175,0.16179651428446315,0.5162604768178884,69.35603358364503,2.365454906607948,0.15577789458173724,2.9414605535426746e-05,0.8442221054182628,7.807110536879966,1.648694743914546,0.2813357065018545,0.003825612112611257,0.09321917130504866,0.6254451221930969,11.902568793228813,1.403920043583215,0.6629305728965608,1.7327516694406304,0.8415088053652733,0.9970437972270473,1.1573145949507764,0.3461966345345758
169.0,12.971447729481993,0.0,0.09047328478513612,0.8948608969030936,0.22824141871351677,0.1650834236429305,0.5162018728584166,69.3179464269917,2.3655438025425615,0.17152915568631052,2.8236997888259175e-05,0.8284708443136894,7.914345355956464,1.6283877637857966,0.2889568902331906,0.003361258993521502,0.0931964638674014,0.617846645899408,11.759117701607098,1.3865790363471493,0.6641473600277467,1.7248417494587356,0.8612384005971627,0.9974424541702184,1.1536842097105555,0.35370053700635046
170.0,12.971465251943046,0.0,0.09164494417050642,0.935531284384706,0.23006996499838678,0.15513596249093584,0.5231491283401709,69.11000001710828,2.3539859768994473,0.14912415911838933,3.156340143063817e-05,0.8508758408816107,7.666388011802311,1.5505268240175378,0.3044788036158052,0.0038852977601972825,0.0931919137495631,0.6023292826346317,11.956900779392761,1.4395722201069954,0.6660970080098917,1.674684164200706,0.9296167920119427,0.9972407416703326,1.165370855583674,0.34287056323159765
171.0,12.971475307844992,0.0,0.09481523037981161,0.89371349840207,0.22866373654716254,0.1610692085701515,0.5154518245028744,68.89878993421891,2.3471202225620122,0.1828990237136344,2.2840579324201903e-05,0.8171009762863657,7.950270737595853,1.6551243319587103,0.327536639427805,0.003290553619838399,0.09319578214708057,0.5792675784251146,11.82108310624286,1.4021214181332167,0.668017600135662,1.7184091823837706,0.8825189913998669,0.9981785883382612,1.1498091838622753,0.3572701050041646
172.0,12.971499308100926,0.0,0.0930043323658983,0.871697850519457,0.22902424213363534,0.15961371415204087,0.5183577113484256,69.23992358212433,2.359111447946054,0.15771034326425726,2.9370047935564465e-05,0.8422896567357427,7.788626076967863,1.6303558237936364,0.28691862678360186,0.0035280665042388636,0.09320305124660956,0.6198783219697885,11.918306720138894,1.4118881658267055,0.6641569728865206,1.7451505571891204,0.8610489533864438,0.9972577369446449,1.1568855986723645,0.34848016340647125
173.0,12.97152453043774,0.0,0.0895019396303813,0.9074640162659597,0.22854927944517267,0.16365649707489974,0.5182922838495463,69.0260642967,2.3565326367526787,0.17317469310719855,2.7324330495199958e-05,0.8268253068928015,7.881973548869873,1.5999137367599399,0.29195718770043466,0.0033083842505005163,0.09318087532393583,0.6148619369756295,11.786447066175965,1.401203129708504,0.6653041664437416,1.7148139191932439,0.8776927434390709,0.9977378962829555,1.1544381163078363,0.36358150971564385
174.0,12.971575025980702,0.0,0.09015698158054625,0.9346008985611497,0.22919633492677705,0.16182200842265182,0.5188246750700248,68.95553946792694,2.3560289135944816,0.14952741380526482,3.28160700995515e-05,0.8504725861947352,7.613350320602725,1.5012116821083759,0.2950818353128675,0.005625755666041067,0.09320251139251874,0.6117156532946137,11.934866057455965,1.4348150900564838,0.6666496037781109,1.697341347845987,0.8985802381652197,0.9965501438211286,1.1645518667861605,0.3374256242499649
175.0,12.971577746284488,0.0,0.09105742764953735,0.8935920625699025,0.22837616509521427,0.16014704105803884,0.5204193661972095,68.75328224778391,2.3445326389799956,0.17249499161344048,2.513726474879617e-05,0.8275050083865596,7.919609100516695,1.6230598076902694,0.2939205763070425,0.002056452633557986,0.09316571595856336,0.6129137077343942,11.836340815064805,1.409614838634011,0.6665088250769131,1.6919370005361065,0.8618684174709712,0.9987149402731441,1.150939418132414,0.3764484183490028
176.0,12.971579307524978,0.0,0.09308961468243886,0.8873199633501738,0.22902814329322735,0.16377637861310887,0.5141058634112249,69.32274775128965,2.364998341670055,0.14796757560501822,3.110140411419492e-05,0.8520324243949817,7.741007590059506,1.5986367961661332,0.28421116716689665,0.004253916634692351,0.09323228819200677,0.6225565446410966,11.930109094260109,1.4148142449189285,0.6641283857503095,1.7630797133599523,0.8521188092076142,0.9963985575737981,1.162749109120659,0.3268643505503672
177.0,12.971593288074116,0.0,0.0928269640848621,0.8986207632970549,0.22926455740994653,0.161524747446699,0.5163837310584924,69.23559229378199,2.3622489639679456,0.1501566194391411,3.08720195620299e-05,0.8498433805608588,7.730724521921447,1.5858113249135164,0.2900185279928846,0.0041829481775700825,0.09322353851211533,0.6167579334950001,11.935532851618802,1.422239575538463,0.6648128795981951,1.754216129566883,0.8665441275598762,0.9966519419803169,1.1623842890171026,0.33349709255951643
178.0,12.97159672598893,0.0,0.08979943303272245,0.9052677179140725,0.22914834805702602,0.1564774450101833,0.5245747739000682,68.93256018219485,2.348764407365251,0.16128883899720242,2.8865326091541352e-05,0.8387111610027975,7.7460373714390665,1.5782906616142864,0.2980367235537584,0.003972594652346099,0.09317348450467866,0.6087897919415629,11.902545940288544,1.4268247302904302,0.6665611614558749,1.6863932239357027,0.8903569630668569,0.9980550674587181,1.1572648570955453,0.3695067477788386
179.0,12.971614672126075,0.0,0.09229514802182878,0.9093622041612941,0.22865509758593117,0.15754041640703947,0.5215093379852006,69.11170027145282,2.3547731662338784,0.1577393162406785,3.0684960317123734e-05,0.8422606837593215,7.741933064531026,1.5491142698515805,0.2958120541225313,0.004641361520064058,0.09318516428659289,0.6110027815908757,11.918102849443901,1.4312309377091914,0.6656003446924857,1.7335280289823083,0.8824470903974417,0.997525576546398,1.1586585608556876,0.35263716134510914
180.0,12.971617536477549,0.0,0.09410909101893206,0.8866146305152167,0.22928246259292895,0.15594340923136327,0.5206650371567758,69.42665888230945,2.3640771210900975,0.14793999789575396,3.1769068406663174e-05,0.852060002104246,7.7102601306369,1.5988593445677306,0.2922404035123426,0.003911011320439938,0.09320919872587584,0.6145503977617817,11.964691901330504,1.424401615244475,0.6647018371725772,1.785554379157959,0.8762202426202504,0.9968522289905586,1.1599905648961806,0.33812640350634093
181.0,12.971684140331453,0.0,0.09167972552768916,0.8665845433933685,0.22906740084704244,0.16201820917601376,0.5172346644492547,69.63398257671685,2.3692512633743807,0.15012466779512065,3.1094578758129316e-05,0.8498753322048794,7.709876859327768,1.62599943282241,0.2802820682004339,0.005316396275507011,0.0932306276853576,0.6264873041142085,11.951881986751083,1.412633599277295,0.6650860921353888,1.7286451399901117,0.8444703374902582,0.9967025433481626,1.1612879778020821,0.3439451608207271
182.0,12.971698836675849,0.0,0.09247261566880395,0.8913608157878086,0.22911514933475602,0.1582737778730251,0.5201384571234149,69.1373532525744,2.3563821907849616,0.15656537422583985,2.964288694711319e-05,0.8434346257741602,7.771419903207674,1.5998076375021346,0.2915601425830355,0.0035655467124852415,0.093196561008246,0.6152432964087186,11.928901744417301,1.4225992185412162,0.6652482787639324,1.7521326906423629,0.874827642321107,0.9973778877108825,1.1576073816084684,0.34882686946765185
183.0,12.971720589763756,0.0,0.09198794494249853,0.9086077915642048,0.22923745327283915,0.15854197930015554,0.5202326224845069,69.05886691604229,2.355968084904654,0.15328236148476554,2.9527884101186216e-05,0.8467176385152344,7.732337644271553,1.5685887501916136,0.2953897973291014,0.0041694709668667436,0.09320189140922613,0.6114083112616725,11.943340312199926,1.4325362014761143,0.665765162601754,1.731890457104794,0.8869437609139202,0.9973264081791323,1.1599337574470674,0.3495292095029729
184.0,12.971724383216255,0.0,0.09147972074273852,0.8743387073299476,0.22912497556897105,0.16147805497973672,0.5179172487085537,69.48974587925571,2.3649560278267625,0.1518204829644194,3.0734678472332245e-05,0.8481795170355806,7.726341917144544,1.6170958602259524,0.2843672525230628,0.004797486707957542,0.09321931414954487,0.6224134333273923,11.94429328665657,1.4160167905563075,0.6650558661618053,1.7344054581349968,0.8540941133484519,0.9968843142771255,1.160229374452566,0.34361121442864534
185.0,12.97175221692168,0.0,0.09358489416310099,0.8786787360016395,0.22905753684233376,0.15318306518215344,0.5241745038124119,69.00332734512607,2.3525850866791007,0.17100132670272747,2.810818542226038e-05,0.8289986732972725,7.807914785932939,1.617226699944014,0.3070214724000714,0.0020952257771011547,0.09317365058290247,0.5998048770170261,11.943278063748707,1.4249074063858147,0.666128293055639,1.7112595426272716,0.8954741543473388,0.9983251963914628,1.1491623416846453,0.3658971521269154
186.0,12.971756804898028,0.0,0.09233243591458433,0.9167034592425192,0.22838955742364583,0.15510041132230978,0.52417759533946,69.1829544424792,2.35330427194445,0.1512697617385675,3.22677436609638e-05,0.8487302382614325,7.625114129779454,1.5975704561149608,0.29505973133050983,0.0037692404968342175,0.09320178090648444,0.6117384877630058,11.903206413139337,1.4035236711762373,0.6689865558745245,1.6573824825997314,0.883464604403924,0.9967025149490661,1.1673229372367686,0.35974755938004627
187.0,12.97176502868922,0.0,0.09381060605615671,0.9417011673445221,0.22833868595142276,0.16536725755940218,0.5124834504330185,69.23059102921967,2.357065379628537,0.13998074725923595,3.189909845106668e-05,0.8600192527407641,7.665907701011535,1.543372714248638,0.3106892131919132,0.0041831358426627115,0.09323539849382433,0.5960753883142625,11.954548749012833,1.4189738366543145,0.6672218921012266,1.8530516775545514,0.8895909719188599,0.9957809329176351,1.1707584589304965,0.2952148869894562
188.0,12.971770272887703,0.0,0.09058186102203626,0.9012267197701236,0.22884909868188613,0.15901630007517858,0.521552740220899,68.7847776155167,2.3479967715294943,0.16654838407523126,2.7357553970376735e-05,0.8334516159247688,7.815853649066271,1.5853499599716765,0.29038652242509305,0.00334501060641293,0.09317472088749612,0.6164387566874108,11.901484768749846,1.424578395347592,0.6661504384213657,1.6919613317325912,0.8718184723632563,0.9980454093842472,1.1557068577531922,0.3694296943571719
189.0,12.971781427319902,0.0,0.09050046774381909,0.9141525922277945,0.22878295703285154,0.160098908825122,0.5206176663982075,68.87254285732337,2.3488107608083197,0.15497276604902752,2.594204778439631e-05,0.8450272339509726,7.740954209301108,1.5969831682517048,0.31312946074120346,0.0036318023783505717,0.09319833161948067,0.5936722076393158,11.891260142037453,1.413748051940511,0.6682640500006263,1.6476653835340311,0.8789989502839515,0.9977444061427593,1.1615393352455454,0.37222206645765954
190.0,12.971782343607712,0.0,0.09334398775686727,0.88994186963729,0.22837402136484686,0.16165043313818503,0.5166315577401008,68.90253539444558,2.352337153839666,0.1828166413366199,2.409859567784771e-05,0.8171833586633801,7.864823282195677,1.6458772700811253,0.309226702505551,0.003551946542809153,0.0931897997624236,0.5975834977320255,11.856954966061943,1.3955607427666084,0.6676641679717877,1.6848136810141483,0.8726490872361683,0.9979036442411386,1.1527432323484943,0.3681252002530229
191.0,12.971818823430283,0.0,0.09149209509266647,0.9001873275174116,0.2286457327820025,0.15678511917514676,0.5230770529501843,69.12449114954246,2.3629114946892185,0.15835497658597653,2.7758678403129884e-05,0.8416450234140236,7.69706628393873,1.5788709356246955,0.2762506133229488,0.0039052770069496314,0.09319720226843732,0.6305521844086139,11.963873399403411,1.4222959324246551,0.6659070324618637,1.675240576666853,0.8764488236903725,0.9976955737289348,1.1580382359589982,0.36127245411213954
192.0,12.971825995703082,0.0,0.09072424639124364,0.9098901572564365,0.22915401059797877,0.15355324283549088,0.5265685001752867,69.0597974326017,2.349269607312013,0.15239314601015885,3.0982731724360854e-05,0.8476068539898411,7.741148803689782,1.5601165736606442,0.2933126054681964,0.0038034541377216314,0.09316689392675848,0.6135205006050451,11.91969072526034,1.4382717063894186,0.6658690675298079,1.7519725365051517,0.8927742237500846,0.9980766880109067,1.1581371221460013,0.3679994540054673
193.0,12.971837707871245,0.0,0.09111138294697543,0.9140139993158379,0.22924695433373712,0.1574443115709559,0.5221973511483317,68.96241848471932,2.3509872087599564,0.15547871478027103,3.0497362111540483e-05,0.8445212852197289,7.747831517326638,1.5666900850881746,0.29591529516590953,0.003816428648416843,0.09318270519760731,0.6109019996364832,11.930941079681796,1.4345041572547954,0.6665535941573966,1.6958049092279808,0.8927924042437816,0.9977788751128882,1.1599897675899133,0.35920090563533746
194.0,12.9718506208172,0.0,0.09234767852999047,0.9171076221314789,0.22982564748104334,0.15448242085582842,0.5233442531331378,69.07043077328396,2.353113815754208,0.1523564888784739,3.0628856730054946e-05,0.8476435111215261,7.728414338819026,1.565115564019602,0.29022647246204775,0.003202133797947967,0.09318754911049945,0.6165859784274529,11.939482409545366,1.4384075553075946,0.6654828381971728,1.7104163700158415,0.9091118611040403,0.997820778903936,1.1596295834167856,0.34387660982469803
195.0,12.97192507079634,0.0,0.0941432745219785,0.9388783118416872,0.22890755020452347,0.15878550928138874,0.5181636659921094,69.15391836193105,2.3569863079420155,0.14906945399602428,3.258848715941077e-05,0.8509305460039757,7.61174374596252,1.4995921126815022,0.31441625862912465,0.00690375892998482,0.09320112607504652,0.5923826152958289,11.986340988387662,1.4434066930546499,0.6673592906838507,1.73352207373911,0.9279806200695224,0.9961249285001087,1.167276510487832,0.33469302025343384
196.0,12.971934888432283,0.0,0.09142913589785175,0.9475146478904791,0.22971219196810969,0.15545016681508933,0.5234085053189492,68.98891238963593,2.353001716806932,0.16105424291697232,3.241303707272949e-05,0.8389457570830278,7.827119759674664,1.5532304739942155,0.27430030709187175,0.003653926101441324,0.09317650029913144,0.6325231926089968,11.930175918833216,1.4515800515046382,0.666797951007821,1.6290961843895742,0.9306789803574126,0.9963614333433524,1.168919743823486,0.3716958516060006
197.0,12.971961433448673,0.0,0.09469083074914779,0.9074406589919244,0.22942121434379215,0.1526872433253157,0.5232007115817443,69.2362637360188,2.356419078172679,0.15286473570168058,3.232577230340401e-05,0.8471352642983194,7.629864241925875,1.5542089112989574,0.3023805012726444,0.0036913392439532934,0.0931807984217568,0.6044387003055988,11.99525218410946,1.4403649053234187,0.6669178612062594,1.7279331465103251,0.9145472563152132,0.9971672918430516,1.1598578465868754,0.35236775202329096
198.0,12.971978109678203,0.0,0.09101304291118703,0.8924317565152989,0.22925931658680443,0.16021769518842371,0.5195099453135849,69.15319358517971,2.3549338115489875,0.15577738502611654,2.989491113880574e-05,0.8442226149738835,7.76476038538369,1.596320857500885,0.29389934927586353,0.003586697717008783,0.09319291589931517,0.6129077348248213,11.926586319769378,1.4239109035406698,0.6649853388901108,1.7478462004730617,0.8765495903509037,0.997308446444706,1.1577592999703623,0.3428320061804545
199.0,12.97201032103506,0.0,0.08960005892647065,0.9123730571961466,0.2286420466412285,0.1598061280617215,0.5219517663705794,68.78302031697224,2.344709108830624,0.16346281961715287,2.7920034931005883e-05,0.8365371803828472,7.77254313172022,1.5707938634951413,0.2966126158424451,0.003923500726437377,0.0931839701843748,0.6102034139731801,11.917960680608086,1.4274425057900426,0.6670764000714381,1.7333951329078918,0.8852473325657763,0.9976352313531318,1.1580175097441467,0.3549493284926919
200.0,12.972052458420603,0.0,0.09116424323803557,0.9051611130913229,0.22888380344491238,0.15950475126419644,0.5204472020528556,68.77619559865312,2.344725959969301,0.1652478106350674,2.8252771634725232e-05,0.8347521893649326,7.817542089239674,1.5903724995457176,0.2865239935053899,0.0031574790810233186,0.09317435340970515,0.620301653084905,11.905730446451862,1.425475658302648,0.6665023298348304,1.698408202628218,0.8766728347432752,0.9980156092191086,1.1548863880392561,0.3639456014635005
201.0,12.97207189068871,0.0,0.094485876804589,0.8826039317141395,0.22768446925857577,0.16209651078566828,0.5157331431511669,68.8424874647232,2.3462082647165685,0.18212897812375595,2.272701503655954e-05,0.817871021876244,7.928365737530197,1.6693553450166598,0.3209072710911382,0.0035038042744803422,0.09319049486701346,0.5859022340418484,11.844321307668716,1.3882024781568907,0.6681554077224282,1.7192346241831842,0.8756599782986003,0.9983730168369636,1.1520466643289113,0.36123150490601486
202.0,12.972079819004973,0.0,0.09009562605840173,0.8960954012037456,0.22875621302051682,0.15953945676534784,0.5216087041557337,68.83378735047845,2.3460858494013657,0.16849463397956513,2.5364688300094265e-05,0.8315053660204349,7.915663619705455,1.6159246194127537,0.2988488997762521,0.002579099793855751,0.09316423483746467,0.6079868653862832,11.838813684315141,1.4139290972505199,0.6664083097060973,1.7383232035477882,0.8731586793842996,0.9985646512899669,1.1523013827671063,0.36895004281550836
203.0,12.972115786048782,0.0,0.09372632633312851,0.9182286455407758,0.22942777362261063,0.15463178856344933,0.5222141114808115,69.10322177162406,2.3528162319313277,0.1555456662909818,3.0549394979395906e-05,0.8444543337090182,7.687022721817623,1.5763561188405708,0.30485990030347104,0.0032348018476693685,0.09318479592238947,0.6019553037741395,11.964166820980601,1.4303428085455576,0.6666799550683233,1.7288815888159155,0.9221222336923451,0.9975001047366694,1.1595662008576912,0.34788470295738044
204.0,12.97212830718739,0.0,0.09172280595934153,0.9413914570315621,0.2297159741848727,0.15550493309355373,0.5230562867622321,68.97928949575423,2.3536091047368846,0.15901985765683854,3.2106476409392995e-05,0.8409801423431615,7.755071384832976,1.5438885793983643,0.28314885758839714,0.004019668810165798,0.09318645821199484,0.623664684199608,11.944560237441397,1.4499944583557967,0.6667267952160308,1.6324035742183276,0.9250948235393133,0.9965972535295806,1.167819411174901,0.3673985232021978
205.0,12.972243089069035,0.0,0.09360786593929489,0.9408989669161152,0.22904870590199847,0.15725976776217462,0.5200836603965321,69.11497961046263,2.3570405797812124,0.14639013621979396,3.2428345451621676e-05,0.853609863780206,7.582743377001737,1.4869724777310709,0.30715132363645337,0.0070483008751914804,0.09320685158362924,0.5996418247799175,12.002253971585327,1.447096354451164,0.6666767768845738,1.7233942223224572,0.9256967199234506,0.9963864318483726,1.1685418350598242,0.32746083091919126
206.0,12.972261168183831,0.0,0.09327013897060212,0.9010008929105089,0.228958088599997,0.15452051384305546,0.5232512585863455,68.96900024524271,2.3443100444016354,0.16221939019013726,2.9266080202552486e-05,0.8377806098098627,7.7454956705062905,1.5875650101781809,0.29994544077434576,0.0028337934180366134,0.09316543777691835,0.606889121448736,11.95502854959575,1.4304804510615166,0.6670185728630936,1.7740812952689313,0.9066426321025084,0.9977569296190394,1.1558846073560707,0.353808397440894
207.0,12.972264168260649,0.0,0.09406457745977509,0.8868526833719739,0.22896484493485406,0.1553583487896728,0.5216122288156981,69.07101916376594,2.3547710327076237,0.1645239459151309,2.883522658569012e-05,0.8354760540848691,7.792798543459834,1.604656353056953,0.30474585746570537,0.0022457000199549984,0.09318680551440538,0.6020673370198892,11.948900529311533,1.424602685085188,0.6661588250910199,1.7412739422796384,0.889759846297743,0.9977535575581581,1.1520377561862882,0.3515908562655272
208.0,12.972264501900352,0.0,0.09369490430387206,0.9276665594501572,0.2294657190516859,0.15751395467819895,0.5193254219662431,69.24694869171601,2.3576157942170566,0.15117763887016966,3.265557863609055e-05,0.8488223611298303,7.704860897196109,1.5758375891025298,0.31378348192034683,0.004467373633275642,0.09318151600345272,0.5930350020762004,11.910511606063235,1.4295384836037521,0.6673414263295595,1.6731857315214427,0.9162492914741436,0.9973988427727085,1.1636164268092435,0.36907958864357515
209.0,12.97228826792053,0.0,0.08936420638229628,0.9105914713715599,0.22920345116338967,0.15635415341201586,0.5250781890422982,68.88085713661715,2.3513752086160893,0.15829293478872017,2.9750178616359887e-05,0.8417070652112798,7.738232464130247,1.5595932247981026,0.293531281847321,0.004127403783446248,0.09317646044003086,0.6132922577126482,11.949711523834244,1.4381675217693706,0.6658607900451635,1.665684118255438,0.883987978402394,0.9976240339863375,1.1607962138092385,0.3705464137244179
210.0,12.972330985341557,0.0,0.091608315112907,0.9088307202968807,0.22852780840543535,0.15626206022336322,0.5236018162582945,69.19180910607616,2.3549501326104654,0.15449628560903048,3.253804641106405e-05,0.8455037143909696,7.691338923524803,1.5199386875455763,0.28917406617867014,0.005534170984706991,0.09317993257748945,0.6176460012438404,11.927060843879286,1.4388943537007046,0.665128493184722,1.7289288204333992,0.8787380227164239,0.9974377243698005,1.1600835981336637,0.353878292343522
211.0,12.972336181103497,0.0,0.09204856370592306,0.8988454778894243,0.22901457757659324,0.15713501772280186,0.521801840994682,68.93907691804667,2.3501588630507606,0.16415994030335795,2.8690407463302897e-05,0.835840059696642,7.77704465276826,1.5934314791045145,0.30062416881326437,0.0031712191505771825,0.09318474800943415,0.6061910831773014,11.93059807560769,1.4260880810599539,0.6663550619022659,1.7347761799380637,0.8911034433683254,0.9978776178585531,1.1551990834623849,0.3577113603087023
212.0,12.972348290089116,0.0,0.09289339309267768,0.9269004515495192,0.22960624611214492,0.16035757944393778,0.5171427813512397,69.12356755891476,2.35790092344563,0.15217263522049804,3.14526881131998e-05,0.8478273647795019,7.7113111458277315,1.5530338721365362,0.30343112821717144,0.004732616986427575,0.09319328827706015,0.6033755835057684,11.924269960901395,1.437299130003955,0.6666820968570177,1.6957322344443377,0.9089004562740014,0.9969931100297109,1.1632137943238638,0.3645456573647876
213.0,12.972357733862138,0.0,0.08442715963570449,0.9087428136308512,0.22946147668692013,0.15694054463525875,0.5291708190421167,68.76201966381373,2.3395894683241307,0.1617394166396421,3.096468061322505e-05,0.8382605833603579,7.768015735729374,1.5555318225061334,0.2808717277233769,0.0037343709905766575,0.09314047285600466,0.6259877994206184,11.961484480877242,1.4518431815127784,0.6652374308418773,1.6795803366087183,0.8904833869650182,0.9981927215229516,1.1593398425555077,0.3743280934925259
214.0,12.972359601293151,0.0,0.09192994313908645,0.9239357786249343,0.22930656219830764,0.15639992254896196,0.5223635721136439,68.9033960272481,2.3528900038952685,0.15423562579571887,3.0173963847638408e-05,0.8457643742042811,7.716188921480966,1.546906491248228,0.29626319684568336,0.004561940797863865,0.09319487439094833,0.6105419287633683,11.94538349052332,1.4387443578051715,0.6657585238592878,1.7023472414956589,0.9061659913121357,0.9974741598877702,1.1603398063207704,0.3592134509851166
215.0,12.972372765025693,0.0,0.09404348454928049,0.8914012699117009,0.22832539709857871,0.1631564461303997,0.5144746722217411,68.8525590051816,2.3470437726449696,0.1836901749558822,2.2649294130100883e-05,0.8163098250441178,7.954413328415702,1.657082166757629,0.32261190192801154,0.003211179288694574,0.09319269581150584,0.5841954022604827,11.822646076117994,1.396030907370091,0.6679699718427653,1.7031566747252715,0.8774034056723792,0.9981259517558632,1.1507099492476787,0.3561048054558091
216.0,12.972390512490716,0.0,0.09232167279309526,0.90587512527933,0.22928824763718628,0.15908667268971893,0.5193034068799997,69.03761288479569,2.3565793912763047,0.15913205571387157,2.845550976978727e-05,0.8408679442861284,7.785023480134065,1.5711281631807894,0.2949378859430939,0.003928214556551433,0.0931948565389043,0.6118672575180018,11.920519357946374,1.4319791034171483,0.6656103052458763,1.7431753694965708,0.8897582271450686,0.9976086926476951,1.1568569801363082,0.3493737111489272
217.0,12.972406045698694,0.0,0.09295213605700142,0.9099016592720763,0.22867396156588485,0.15674287390354286,0.5216310284735708,69.02160524831191,2.3540973638818423,0.16158864923964675,2.8534518216812244e-05,0.8384113507603532,7.775497762716469,1.5651859149736393,0.29501188145991114,0.003247181465814434,0.09317989542540409,0.6118082231146847,11.906830525086306,1.427017685716311,0.665565411899639,1.7468320434430462,0.8751468348426457,0.9978104250631487,1.158834641883266,0.3565738694292816
218.0,12.972417214833904,0.0,0.09173156373389994,0.8982234330874479,0.2285706339235974,0.16053822983768062,0.519159572504822,68.76025587777194,2.3462534412047282,0.17117334765021858,2.506076647004663e-05,0.8288266523497815,7.891780027982733,1.616528306145819,0.2980587904583111,0.00268614469411758,0.09317470056877039,0.6087665089729186,11.851622781850974,1.4113140057752755,0.666851694917107,1.6867715591353685,0.872400143957863,0.9984313477973124,1.1529121479218105,0.37050441662121175
219.0,12.972444901752281,0.0,0.09202115085586313,0.9017441324599764,0.22893993373548127,0.15920433164320913,0.5198345837654466,68.92195962868153,2.353535211402175,0.1680364620279933,2.709990839550512e-05,0.8319635379720067,7.808394051287644,1.6011543230576588,0.29996720231459445,0.003622652687251927,0.09319143443714777,0.6068413632482579,11.890945098956585,1.4180822079154842,0.6665501109163317,1.6964670400581767,0.8802160896117752,0.9978445939761282,1.1551478450611157,0.3660724835094497
220.0,12.972450286926577,0.0,0.09386630822561655,0.9312413255020487,0.22902455298425253,0.15738040855238541,0.5197287302377456,69.17446080893387,2.35966015775615,0.14686531757397958,3.209920711203792e-05,0.8531346824260204,7.60656749120251,1.5069486938695238,0.3035695732889805,0.007022595660061125,0.09320908108759228,0.6032213456234273,11.989312795208843,1.4408979277774328,0.6661899394529216,1.721516308234818,0.9134411435401122,0.996395130370658,1.1678695587381127,0.3341622046459697
221.0,12.972458890226054,0.0,0.0926224416525359,0.895668833761408,0.22853512653874644,0.15972895389060393,0.5191134779181138,68.83792687976758,2.3490557916082873,0.17143842117915103,2.444086642024782e-05,0.828561578820849,7.889124846100694,1.62109564582707,0.3059146946606913,0.00258220019087981,0.09317603312895069,0.600909272210358,11.8448765508775,1.4079794857775636,0.6670777448981413,1.6872073750861671,0.8775255171752873,0.9984537080780831,1.1529791700536924,0.37118879362835566
222.0,12.972461506582771,0.0,0.09375516011943082,0.897580302342919,0.22888444430476207,0.15615420401030314,0.521206191565504,68.99936273692097,2.3521073915920385,0.16779154978126776,2.6827916859269695e-05,0.8322084502187322,7.806375462888397,1.5985867872758734,0.3062849768711997,0.0033226783314261868,0.09318207084936114,0.6005329522794391,11.916206410213174,1.4250805932460486,0.6661392686661901,1.7491914667971908,0.8884419017888587,0.9979541557933933,1.1541808227270318,0.3665723760405293
223.0,12.972492866525373,0.0,0.09215411896819876,0.9143284416882695,0.22917055036115597,0.15440842967062593,0.5242669010000194,69.10740398480488,2.3515993041966303,0.15980105326855865,3.0169066715329843e-05,0.8401989467314414,7.71611871625818,1.5645073416714568,0.30346160962991314,0.003861894547142595,0.09318085309258194,0.603357537277505,11.938957310387865,1.4351021511228845,0.6665640151955806,1.7482966986776791,0.8897181103151529,0.9977898369529807,1.1597254193126152,0.3567271095616616
224.0,12.972502690367026,0.0,0.091116957550355,0.9086316174132408,0.22935001487257636,0.15822843637219994,0.5213045912048687,69.10750853833645,2.351831791754364,0.15595981221132976,3.042572651114378e-05,0.8440401877886702,7.738761193578996,1.575301871917903,0.3033927640253045,0.0036638927830020675,0.09318183541711404,0.6034254005575815,11.930394449935418,1.4311046042991047,0.6662595570275477,1.7494476455399501,0.8991211055834881,0.9975676801708904,1.158633857607375,0.34391579356542823
225.0,12.972505892382005,0.0,0.09344256899481028,0.9198539956146061,0.22906922570248997,0.1609724940793002,0.5165157112233997,69.18793603642423,2.3612509701448317,0.1458334411131738,3.171579763369304e-05,0.8541665588868261,7.661508028605087,1.536920980502893,0.29577169602090814,0.0056472158077497305,0.09322377679296294,0.6110045271861289,11.962128402964687,1.4319235058052364,0.6656430345370755,1.7548266120769966,0.8882963566203547,0.9963130058086753,1.1663824275576966,0.3272975905427251
226.0,12.972514356711494,0.0,0.09426779165466,0.8903440605309456,0.22821799324771191,0.15165639063701708,0.5258578244606111,69.16853286105967,2.3521348366574335,0.16040502529977688,2.9287070429419562e-05,0.839594974700223,7.751459435545977,1.5929196996966686,0.30256861586636846,0.0024579146564423174,0.09316135722700024,0.6042700269066313,12.0024811903488,1.4263895306148344,0.6649729764422782,1.795092253331283,0.878205329587005,0.9972788951079331,1.1590650907711204,0.3629082218178612
227.0,12.972542154158518,0.0,0.09355374986443069,0.9127383282909498,0.22896651139032315,0.15959047118352374,0.5178892675617225,69.02611762195167,2.3568684318832105,0.157393794290917,2.8588537234970338e-05,0.842606205709083,7.762166670433649,1.5682101855289492,0.30191415278823885,0.003765637082420277,0.09319872650052484,0.6048871207112363,11.919053778384669,1.4271561673088353,0.6662881459571903,1.7410654426708754,0.8860653959154992,0.9973897584076502,1.159486127661073,0.3527924535946735
228.0,12.972548382619191,0.0,0.09036972560181496,0.8922617544655143,0.22897301544312654,0.16033192654276957,0.520325332412289,68.88007028025683,2.349101232296822,0.16691089988658192,2.5936205238516842e-05,0.8330891001134181,7.865493721211935,1.6161675869718246,0.30235200672238705,0.0029657030402028936,0.0931780311004918,0.6044699621771212,11.870962175674883,1.4155111463096308,0.666659560744731,1.7082638777604022,0.8749566459380503,0.9982351769113494,1.1549847351084415,0.365466641723548
229.0,12.97259623530709,0.0,0.09177507442243878,0.9040085960384348,0.22905050124243098,0.16011855821739163,0.5190558661177386,68.92315015796069,2.3524750747363363,0.16231824642419934,2.7352932288091716e-05,0.8376817535758007,7.798120582748004,1.5780169911926736,0.30663694844224443,0.003297276290389532,0.09319554865025469,0.6001675029075009,11.89441947307758,1.4228768873404243,0.6662032910481583,1.7111757333046929,0.8898524407325017,0.9976673837692116,1.159716301249535,0.35324146879707946
230.0,12.972606902144667,0.0,0.09275466392870056,0.9090598734804911,0.2289943139265164,0.15870821096854695,0.5195428111762361,68.99008712430951,2.353080634543625,0.1604913696633993,2.9669937241442032e-05,0.8395086303366007,7.731636699699614,1.5675508910189935,0.30033874641612757,0.003408738440110484,0.09318933190375925,0.6064719216801132,11.94275689929784,1.427735566075186,0.666558369775133,1.7467756565418016,0.8922490235806282,0.9972824798369151,1.160287649107412,0.34836639057947466
231.0,12.972626913166591,0.0,0.09223658474330668,0.9097655705839692,0.22905160844103467,0.15779560078565752,0.5209162060300012,69.06027721793176,2.351887577488008,0.16309672875792364,2.951410118647807e-05,0.8369032712420763,7.827382326994069,1.5834942816739446,0.3039768797796515,0.003909441477482571,0.09318545399288067,0.6028376662274679,11.912538806528577,1.4282697047031205,0.6659867948552257,1.7305706588985434,0.9000506652184219,0.997867935842444,1.1599169773479696,0.3489146860547319
232.0,12.972643256664876,0.0,0.09008277127253042,0.9124633492310306,0.2288684663479674,0.1603021322164886,0.5207466301630137,68.82806717631495,2.3465668772263424,0.16714146264529797,2.8968196416618716e-05,0.832858537354702,7.804504316364451,1.5625328460080523,0.29489395049939493,0.0044471603651446995,0.09317286944017514,0.61193318006043,11.916917400086145,1.4318274693005684,0.6659066651554459,1.7163180784458898,0.892546029506677,0.9976364296537368,1.159494557154555,0.35516527123314345
233.0,12.972659932114087,0.0,0.09173620029419786,0.9179434963659674,0.22901459171901342,0.1628937115056515,0.5163554964811373,68.90742960803647,2.353425505031519,0.15794714773082058,2.8300564789462716e-05,0.8420528522691794,7.775719700486237,1.5693508110244085,0.29939864888780876,0.0038539348980869232,0.09319453071834781,0.6074068203938434,11.89825387790789,1.4260079439206022,0.6665325655426096,1.6921727242943827,0.8857828641991834,0.997249611771569,1.1596919552046088,0.36430600818394454
234.0,12.972666011215717,0.0,0.09336707014499922,0.9034384399321849,0.22900362430042337,0.1601809377260626,0.5174483678285148,68.94206980312603,2.353265005655077,0.17020338678817404,2.706823951135378e-05,0.829796613211826,7.814835982355655,1.5920272100626613,0.3113868476399363,0.004548709701851365,0.09319889377852142,0.5954142585815423,11.875619805768741,1.4192615640837347,0.667336934461573,1.6721061649278786,0.8869708745301559,0.9977336679913535,1.155425757831157,0.3579032707209493
235.0,12.972673736890226,0.0,0.08955846336386605,0.9171982675026016,0.22894012053536494,0.15759447443767094,0.5239069416630981,68.8376480221809,2.348092697167682,0.15436164771898062,2.7987648079326683e-05,0.8456383522810195,7.753840475724892,1.5867036447221632,0.2995007777675413,0.0037165383783324445,0.09319660099651998,0.6073026212359387,11.917377236490445,1.4251454959920287,0.667034356268406,1.6810875168533417,0.8728681692820666,0.9978655840095967,1.1599835141498747,0.37306320011210925
236.0,12.972680213885438,0.0,0.09051521022756805,0.8944836965535785,0.22914569287116693,0.16314058377337873,0.5171985131278863,69.23211882183557,2.356368856167182,0.15438071050930668,3.0103782529012112e-05,0.8456192894906933,7.714438754266078,1.6241769209214136,0.31103288619342384,0.0039060427224302946,0.09320108746275749,0.5957660263438187,11.914274243005234,1.4069097257425005,0.6658710611891417,1.7098478092163913,0.8739427708795641,0.9967538163326888,1.1609187656323345,0.35174528745656275
237.0,12.972691701849163,0.0,0.09222060302436659,0.9206205963024162,0.22928585867399331,0.15201047868433432,0.5264830596173058,69.20012616286655,2.350631350593858,0.15568334888884133,3.17036458752422e-05,0.8443166511111587,7.669981048743447,1.5461838509783559,0.3052088132875725,0.00398151547708793,0.09317556242029902,0.6016156242921286,11.962963416103506,1.4436121227265848,0.6665709673352052,1.7742115279874304,0.8944691206668418,0.997762458441407,1.162014206438365,0.35205442258776753
238.0,12.972697843324827,0.0,0.09141928063064683,0.9468163285702238,0.2302255491951345,0.16154302393537404,0.5168121462388446,69.1505485052765,2.3587246143765137,0.14681565190283669,3.129122618759605e-05,0.8531843480971634,7.678097244104068,1.559851170253919,0.30205654750228844,0.003839159492016483,0.0932041508131256,0.604739301684586,11.92826930988296,1.4281333445398512,0.6662603820513937,1.6374564954222262,0.9172993481096444,0.9967559867042531,1.1693505404549045,0.3386935044502001
239.0,12.972706733821594,0.0,0.0861769035560416,0.9127823695317148,0.22879394634361888,0.15356144898395313,0.5314677011163864,68.769808292575,2.3440550483272893,0.1535813463363101,2.9971591978847305e-05,0.84641865366369,7.762175616575888,1.5533474403948855,0.2770257554880454,0.0037236035539200425,0.09315213550507548,0.6298221090068791,11.92443306979609,1.4425690930885016,0.6655029238662293,1.6964995615256646,0.8695950091570022,0.99850959718644,1.154154095155458,0.3946140478220406
240.0,12.972729197885867,0.0,0.09318762932958626,0.883920211027923,0.2291156970228998,0.15242807980523193,0.5252685938422821,68.99234188368439,2.347936483613088,0.16063128251745104,2.867206235539554e-05,0.8393687174825489,7.863747730101932,1.557527965361938,0.2642753696457412,0.0026601656075048263,0.09316921303072495,0.6425554173235338,11.938986899237086,1.4491563122701028,0.6635076468855159,1.8094324254953222,0.8867201870153174,0.9986257918228687,1.1507619616407925,0.3258581764252264
241.0,12.972739359627989,0.0,0.09388440091011845,0.9188570642275398,0.2291680490864951,0.17031432142818761,0.5066332285751988,69.29188137669065,2.3584203388643568,0.13235020812095338,3.0320494853010244e-05,0.8676497918790467,7.673293106858376,1.5295456657939408,0.3182387921420897,0.004774891837132092,0.09323251124405023,0.5885286966138601,11.95021422624048,1.4433542696869475,0.6681751087724911,1.7306397189184164,0.8900792330486091,0.9960376629155749,1.162409664195638,0.3266192305149728
242.0,12.972742964030925,0.0,0.09111322218494418,0.9075039677657839,0.2287750302699039,0.15998607120607314,0.5201256763390788,68.84878945674572,2.3492195071348405,0.1609070125822344,2.5584449448669123e-05,0.8390929874177655,7.795238551394958,1.603616251675131,0.30923870538757814,0.0033519529937120333,0.093191220904763,0.5975700737076588,11.879041913085516,1.4133678706012662,0.667658698552264,1.6671200371248185,0.8778471103931393,0.9979393418155895,1.1584706490539203,0.3711763635366968
243.0,12.972749453028841,0.0,0.09509861489800847,0.9059609607245269,0.2291109113663476,0.1560793498918209,0.519711123843823,69.11860565905003,2.350985146260408,0.16385356011010416,3.0807108372244045e-05,0.8361464398898959,7.70591604897856,1.5765598227351307,0.3073351392327011,0.0028882249914257514,0.09316873594522444,0.5994961248220745,11.937357906274137,1.426424471172529,0.6674240501028788,1.7543596351557973,0.9164194733317204,0.9977947852154174,1.1573544353569079,0.34975039770571437
244.0,12.972804335990201,0.0,0.09173741489424977,0.9208095775369611,0.22898684927922658,0.1646352246137839,0.5146405112127396,68.87718465225032,2.3544742602465747,0.15355488906220474,2.9615744557839143e-05,0.8464451109377953,7.796911512642353,1.5781939846198774,0.30171445677339076,0.003942528791587682,0.09318662458847549,0.6050989186381338,11.899749717313018,1.4212703221197798,0.6661679070491414,1.6972659452143017,0.8973777034133384,0.9968020244523492,1.1629042731244579,0.3628416802820023
245.0,12.972814155062824,0.0,0.09359383512868374,0.9337971522993629,0.22908683244931677,0.15977082927909647,0.517548503142903,69.13015958719619,2.359644953776879,0.14491881204524049,3.197910914204938e-05,0.8550811879547595,7.627436787981765,1.5104713452186473,0.3007262083869131,0.006244344024774322,0.09322012905051558,0.6060536625625713,11.975850963838077,1.4392560461850827,0.6662921697314039,1.7512895686700158,0.9038010197972435,0.9962763407664799,1.1679395640307129,0.3274832648251642
246.0,12.972830791401304,0.0,0.0847776695958436,0.9150798804768909,0.22875584806953886,0.1501493948370593,0.5363170874975582,68.86138320905184,2.346003129952556,0.14663725605399724,3.132515405760474e-05,0.8533627439460028,7.723505070306082,1.5366425831384394,0.27299194068837374,0.003893828915112975,0.0931418770732867,0.6338661822383396,11.936477793740915,1.4495737965474333,0.6651487178247577,1.6985514279673897,0.8670952169625099,0.9986464229754237,1.153333678036475,0.4063885413748855
247.0,12.972848719174099,0.0,0.09116184873381228,0.9258015170579517,0.2293002204388304,0.15384099710933824,0.5256969337180192,68.85060991678058,2.351148115269991,0.15382994442382852,3.157053710259215e-05,0.8461700555761714,7.6900478296171215,1.510010356929648,0.2857767720800556,0.005878800815867832,0.09318903299183423,0.6210341949281102,11.949432450339895,1.4512150031644058,0.6654335206675709,1.656118606760338,0.9020171836708026,0.9973140934626863,1.1620786496469955,0.3605704325486116
248.0,12.972870897347537,0.0,0.09020845476615434,0.9066999076873836,0.22934791213198413,0.15954105843297828,0.5209025746688833,69.06626215726601,2.350424770809433,0.15577716664513622,3.0100756397396737e-05,0.8442228333548638,7.746610320456716,1.5738749061807444,0.2992837676075817,0.0034843058331791507,0.09318166358257224,0.607534568809846,11.936879545429619,1.432478414951008,0.6658659528873465,1.7543152852012467,0.8915670696304597,0.9974218675379882,1.1579498878358994,0.34139002260011686
249.0,12.972879291187809,0.0,0.09301524030766724,0.8985807361561332,0.2289469833929589,0.16071942868725375,0.5173183476121201,68.97293715048994,2.3534128625839905,0.17005517958790817,2.7227848626212517e-05,0.8299448204120918,7.831043173086508,1.604924747768968,0.31043596527629924,0.003166124326512251,0.0931907760036395,0.5963732587200612,11.885442222464711,1.4141993026452673,0.666845401774,1.738483266796483,0.8984955847188254,0.9976196813004061,1.1564747193136866,0.34424757161822034
250.0,12.97288476144861,0.0,0.09062624549275651,0.9167657887923455,0.2293812953725754,0.15578137727154906,0.524211081863119,68.95624755564471,2.349297860232159,0.15396510376354147,3.161888678463855e-05,0.8460348962364586,7.725559802993084,1.55975476054359,0.2944439578362879,0.004011738015637742,0.09317400182907908,0.6123820403346331,11.946663091981844,1.4404294804448698,0.6665606455350566,1.6827117648993268,0.8998214135463702,0.9978926437541602,1.1613133148867445,0.3642531781435864
251.0,12.972933063249176,0.0,0.09104468592149387,0.9263246277668045,0.22938876282479853,0.15377780976049923,0.5257887414932084,69.21430044795417,2.360486349795555,0.14229953670897932,3.543742451425133e-05,0.8577004632910206,7.567014459037068,1.5067453493914844,0.2900053152586935,0.005499979457418808,0.09320397647064092,0.6167907082706656,12.003358007544612,1.4488108197601333,0.6659530522888277,1.7010491182453558,0.8938340429864768,0.9965148353312688,1.1681755869394441,0.3443088563743606
252.0,12.97294555651913,0.0,0.09082204234677323,0.9085978877941978,0.2291904962169985,0.15776073578190575,0.5222267256543226,68.83901400491942,2.347503919664116,0.16157721395166263,2.931847703964294e-05,0.8384227860483374,7.797314825501868,1.5772197902478529,0.29063228996593354,0.003368300483290421,0.09317230461309432,0.6161954054209722,11.914906724493443,1.4329845768700362,0.6663219942802745,1.6979642891885782,0.8876373601023163,0.9981315060998407,1.1565169581056065,0.3672139298393733
253.0,12.972954340276123,0.0,0.09294711271826911,0.9160400823002046,0.22946004328697683,0.1561466180274781,0.521446225967276,69.05959758614284,2.352497796762958,0.15736781362858876,2.9934987332952627e-05,0.8426321863714112,7.728179262824832,1.5782309127741174,0.30294600805143584,0.0034176207668798818,0.09318323538007207,0.6038707565684921,11.938053622848814,1.4304555526420226,0.6665421820124593,1.7260870158093082,0.9135522508197835,0.9976385956460424,1.158643942506521,0.3532723133799684
254.0,12.972972133411751,0.0,0.0913753513374981,0.908292752347079,0.2293079666236526,0.15819892884170236,0.5211177531971469,68.91268489633383,2.3525345082045828,0.162419413374009,2.840381404634622e-05,0.837580586625991,7.769929304480478,1.5758941951034415,0.29629998400959406,0.0032649400772124743,0.09318270749140933,0.6105173084989965,11.909724043899166,1.4266890234687755,0.6658461723110367,1.689875528838963,0.8880964846760115,0.9976476335875619,1.158628391040724,0.3613030852883743
255.0,12.972984989043798,0.0,0.0921470250890274,0.9095324096711882,0.22921690083746682,0.15558538129315985,0.523050692780346,68.94450643992704,2.351741728827456,0.1570650628328504,2.9378970081268443e-05,0.8429349371671496,7.777389825849884,1.56067690419615,0.28740035482334814,0.0035491284124125966,0.09318650231344379,0.619413142863208,11.936767769137962,1.4383676713193145,0.6649858054849691,1.7493813517077452,0.8969004608913818,0.9979158866069405,1.1562987053236007,0.34916576925674186
256.0,12.972999355995045,0.0,0.09292238849602748,0.887320867617019,0.2288660084611783,0.15289076432393794,0.5253208387188564,69.02205940095693,2.348139604991822,0.15883805273169216,2.954226605257674e-05,0.8411619472683078,7.843710499758348,1.5432159289569172,0.2642190618989893,0.003264676175010783,0.09317120309721025,0.6426097350038005,11.93735091231779,1.4500222340379119,0.663356361971229,1.798457202001758,0.8840419608503054,0.9984538969486427,1.1522299953649213,0.32483234532747823
257.0,12.973026019951043,0.0,0.08897537147643762,0.9081873476413627,0.22887014289177898,0.16038555727774081,0.5217689283540426,68.58665845962132,2.340158885076755,0.16746952690093578,2.7264467821332422e-05,0.8325304730990642,7.8395167091155,1.5867571549077775,0.28509338508738874,0.003383152831534177,0.09317265236865303,0.6217339625439582,11.90034362190644,1.4285596861706384,0.6662113359491725,1.6923958286422147,0.8745945935459867,0.9982359456084722,1.1557949293934247,0.3710650607163509
258.0,12.97302777813244,0.0,0.08907529120074752,0.8995777505018353,0.22881493439735764,0.1550799190910947,0.5270298553108002,68.75208628769046,2.3446588197001192,0.1663347856025405,2.7079120429458868e-05,0.8336652143974594,7.827624448470485,1.6047949246208741,0.3032324008467572,0.0033290646554633685,0.09316647360601246,0.6036011255472303,11.885000465149453,1.422983322484603,0.666462525040572,1.6752510263636615,0.8804437351995931,0.9986724948021435,1.153781030110519,0.3897402982447936
259.0,12.973038683567564,0.0,0.09180230453171524,0.9251360377166602,0.22814331131052434,0.16337681965241246,0.516677564505348,68.89201686814434,2.3561198244174393,0.15012466779512065,3.1094578758129316e-05,0.8498753322048794,7.709876859327768,1.5409687698276706,0.3235479655044523,0.005316396275507011,0.09316235299251867,0.583289681503029,11.810108754208677,1.388768692105994,0.6675580988927612,1.76439873316443,0.899956693994654,0.9967025433481626,1.164502573876994,0.3533866677569518
260.0,12.973066720810744,0.0,0.08729986020694755,0.9084763129943156,0.22830636949279468,0.16373071180362347,0.5206630584966343,68.64301015261813,2.3372714089936504,0.16836346061153457,2.794784892309716e-05,0.8316365393884655,7.86039875975719,1.6036467714319649,0.2768871779727166,0.0034112378579647306,0.09316240973078903,0.6299504122964944,11.865652660417076,1.4134679918881785,0.666660293573313,1.6473021802735275,0.8525634822924859,0.9982660241158706,1.1562572377624827,0.36883467890553423
261.0,12.973137911441071,0.0,0.09057104276769458,0.8861311840908003,0.22770273937137148,0.16872230119886156,0.5130039166620723,69.57571746862803,2.3733653204008816,0.17730028472193307,2.7626737406210092e-05,0.822699715278067,7.999565057085604,1.659698772935486,0.2887286869099541,0.003031489882354746,0.09320089562710893,0.618070417462937,11.676593319772783,1.362785419797708,0.6631903002116907,1.7515276195693965,0.8503693397744185,0.9972587098564706,1.151363424865171,0.3460632866335339
262.0,12.973146954620141,0.0,0.0922433703401529,0.9075931572039871,0.22893349190978113,0.16132449160290513,0.5174986461471609,68.97681731922677,2.354929021991485,0.15901047381930672,2.788047120764501e-05,0.8409895261806933,7.7997988507716,1.582872509025539,0.29934841560169345,0.003360706791568081,0.09320301305750654,0.6074485713408,11.89425638431502,1.4206784031446222,0.6665371409428567,1.7263555793281737,0.8763913825377416,0.9975134149499203,1.1569014905639738,0.3474122697827567
263.0,12.973151979223235,0.0,0.09185037446252474,0.9288286178203318,0.22962843896310245,0.15615224737465908,0.5223689391997138,69.14233798045913,2.3559796454962783,0.1480482427977796,3.1979923951164425e-05,0.8519517572022205,7.638015537653302,1.5574741070335683,0.30159747568361567,0.004287029355823365,0.0932026342111627,0.6051998901052217,11.970692144960665,1.434560028615562,0.6665238639362552,1.7115645989023776,0.9105626750054047,0.9971097024890905,1.1656125837520406,0.34487737378321315
264.0,12.97322455593049,0.0,0.09298070531832468,0.8833631033097677,0.2279856978260709,0.16564590024810347,0.513387696607501,68.74130686732639,2.343488630580345,0.18557153608479898,2.1506292218121954e-05,0.8144284639152011,8.017983817430393,1.6759121422930592,0.3168698313772681,0.002483901286881797,0.09317791398400016,0.5899522546387318,11.79454456280813,1.3865980541776495,0.6675404796411033,1.6846568867359597,0.8699735092892492,0.9984260742865223,1.1488636244779635,0.35913528923595495
265.0,12.973227578775285,0.0,0.09199119914993382,0.9033468709377517,0.22891059235593855,0.15608236372492654,0.5230158447692012,69.1034447371239,2.3622176946221445,0.15489851315435038,2.786745326053015e-05,0.8451014868456496,7.711130731755928,1.5734801557801439,0.27946768281846435,0.004048728285621618,0.093204302737582,0.6273280144439537,11.961499709260943,1.4275489648243562,0.6659221629285322,1.7015196670676163,0.8781503094406596,0.9974354035423234,1.1575693147023198,0.3556961835285214
266.0,12.973241180413076,0.0,0.09152044094074066,0.8899044310677935,0.22834779988211415,0.16181301232346593,0.5183187468536793,68.9240537303738,2.34389325062554,0.1762598701155255,2.3450263991455314e-05,0.8237401298844745,7.938731505617891,1.6408136230398802,0.30993510994030266,0.003059389423395569,0.09316964514083736,0.59689524491886,11.819412706133532,1.4015245158092968,0.6674576033535161,1.715409158675127,0.8706763920645935,0.9983210806719098,1.1509302933119692,0.3625012060957824
267.0,12.973258004971294,0.0,0.08644547524929289,0.8995743988244201,0.22778446008297826,0.16725388348057896,0.5185161811871498,68.41942610157801,2.326267091426126,0.1797926662684125,2.46826748449144e-05,0.8202073337315875,7.926047622936337,1.6221843004722998,0.28684485452844155,0.0027298693438257858,0.09315039037485362,0.6200047550967048,11.85556878290964,1.4066873301141043,0.6670795890773327,1.6959551105389816,0.8619673794914565,0.9984553138151671,1.1543068817449609,0.3605576527733203
268.0,12.973287287801334,0.0,0.09111291636104958,0.8984193040735198,0.22895570433531592,0.15941439003043678,0.5205169892731978,68.83073666322467,2.3513352949839255,0.16825195535680557,2.7090813113084628e-05,0.8317480446431944,7.812578586122042,1.5791199678553123,0.2941363884412617,0.0031923118762036255,0.09317726466041214,0.6126863468983261,11.896879446524782,1.4236410570207627,0.6656390966903476,1.6992589336267363,0.8749771383130095,0.9977212879676954,1.1565705617370254,0.36546206659739383
269.0,12.973306027768938,0.0,0.0914612765962625,0.9120134340572357,0.22875777921948945,0.1564179853092879,0.5233629588749601,69.0040216520158,2.3586556967759233,0.16166774511159782,2.8653091999295885e-05,0.8383322548884021,7.684409004578606,1.5570690669421146,0.2853365031544853,0.004236076714353991,0.09319350559253567,0.6214699912529791,11.93648282623881,1.4238417226622992,0.6668074243306608,1.6805091451489664,0.8899363944100315,0.9977053716178013,1.1574952209929854,0.360949271218986
270.0,12.97330708363668,0.0,0.09740172177844508,0.8609978418025374,0.22663041279563945,0.17044200831977463,0.5055258571061408,68.72428779528786,2.33960650033013,0.21185996709889773,1.3872763258738498e-05,0.7881400329011021,8.17729910738396,1.7824980066190865,0.3475468515239998,0.0021000752701141436,0.09318042365104526,0.5592727248249549,11.678837260992967,1.3360979923243839,0.6699238530196687,1.5889951419165553,0.8746824057323269,0.9993030436454553,1.1416155312107232,0.3661845662386454
271.0,12.973309655077687,0.0,0.09160448777960184,0.9085932455971981,0.22869324750759504,0.1618017010886876,0.5179005636241155,68.85627512441998,2.3507752309770638,0.16212759238280156,2.684414375119983e-05,0.8378724076171985,7.818400223351755,1.5871852568717706,0.3016676453518212,0.003126650562175027,0.09318920581302424,0.6051431488351546,11.87845981530858,1.4176282955392359,0.6666650871108852,1.7093148267836709,0.8793320630762791,0.9977855175207855,1.1566910933027565,0.3576695941458816
272.0,12.973311319440068,0.0,0.09756956513010816,0.890334459666362,0.22943496618069717,0.14882003963786156,0.5241754290513332,69.40196947412858,2.3608722046030546,0.16094917220114657,3.0088785670867395e-05,0.8390508277988534,7.7469132444476685,1.5992414618079378,0.3095985839088564,0.002475454541804263,0.09316314592111696,0.5972382701700266,11.946117940151108,1.4268115770404957,0.6665543438212749,1.7701127113844686,0.9075325332361299,0.9982419107127237,1.1537430783516058,0.35615102938350046
273.0,12.973317363137904,0.0,0.09239520861980727,0.9045168706838007,0.2292703208726508,0.16089927545080282,0.5174351950567392,68.95052505902835,2.355025429302245,0.1675222722749713,2.741319994696972e-05,0.8324777277250287,7.801996804929564,1.583245833691218,0.2966491186780669,0.003625762962112785,0.09318600611755469,0.6101648752043785,11.85299539260632,1.4174225792624389,0.6660710492652115,1.6895094088413716,0.8904763664181589,0.9974915678187972,1.1567168789067066,0.3611964117277271
274.0,12.973326376420005,0.0,0.09560918722281983,0.8971618137350479,0.22931491398845855,0.15226708790952684,0.5228088108791948,69.27297417750782,2.3578063771016944,0.15920931954051615,2.97477332003297e-05,0.8407906804594838,7.757054703783574,1.5908297009935437,0.30427472677284256,0.0027166311838115543,0.09317248718223191,0.6025527860449255,11.942010082626837,1.4281093424098523,0.6663777147902289,1.7741816961327812,0.8990738247338751,0.9979635210452027,1.1551809185802269,0.3510103612794979
275.0,12.973382467892657,0.0,0.09254456716616427,0.9093849609619028,0.2292623869639177,0.15867584849482502,0.519517197375093,69.04377392155419,2.355652749592581,0.15681895497367476,2.9339071442450715e-05,0.8431810450263253,7.773910713207554,1.5639335258603024,0.29584264691420714,0.003963700597572362,0.09319525676422086,0.610962096321572,11.92196863377366,1.4340771434478605,0.6656639343183318,1.7604830755326801,0.8907557582687149,0.9975316979970659,1.1577399994966382,0.3480879424526711
276.0,12.973388973967094,0.0,0.0912380041768229,0.9368615849850978,0.22974931841144614,0.16051922621174858,0.5184934511999825,69.00055746147552,2.3552424261074263,0.14903866528424192,3.052126073686469e-05,0.8509613347157581,7.688677945319181,1.5589795631420351,0.2992448145763824,0.003785986678173112,0.09321098507252917,0.6075442003510884,11.943760189041676,1.429149494000181,0.6660457912823459,1.704287209015631,0.9049521178812185,0.9968962404608793,1.1672099068412578,0.3347438517969729
277.0,12.973424670856305,0.0,0.09396962240904079,0.9118401061705839,0.22965468684050377,0.16178596684475996,0.5145897239056956,69.08806486016373,2.3605069623734476,0.1572107922002944,2.6003949701562764e-05,0.8427892077997057,7.847877807708555,1.6138637822952986,0.3143031910506018,0.002686867166055741,0.09321795540323073,0.5924788535461676,11.841839817048882,1.4084431013849559,0.6667999390834218,1.7066181928312623,0.9012500612577024,0.9974409874289649,1.1552062730354853,0.3304831775323351
278.0,12.973455824934812,0.0,0.09168843140824315,0.9108165218724196,0.22907480960398136,0.15916118445285743,0.520075574534918,69.01498358426629,2.3516747220989744,0.15572961421925532,2.9065628259254303e-05,0.8442703857807448,7.777337622455384,1.574006179364756,0.29362701250081497,0.0031989844678261374,0.09319116970446177,0.6131818177947232,11.933794367578296,1.4307048731485656,0.6660244567281367,1.7823196656294065,0.8821564077293655,0.9974067417101604,1.1580565990374692,0.34072902507149283
279.0,12.973460461880554,0.0,0.0915565899562007,0.9370945352012354,0.2299182107535452,0.16011449612554665,0.5184107031647075,69.07872492859173,2.3567792923500193,0.14863226592199685,3.104127146856277e-05,0.8513677340780031,7.686951761122929,1.5581213707229515,0.2998757366493767,0.003950003798208664,0.093203864363074,0.6069203989875492,11.941279635263797,1.4317797033580275,0.66607441450915,1.684036599913203,0.9096630273486622,0.9968967503898223,1.1670667908498056,0.3422768807468953
280.0,12.973477715849478,0.0,0.09130952557974804,0.9231351470657698,0.2289761062140488,0.16429729189634745,0.5154170763098558,68.87852498614694,2.352598759375918,0.15616575799596386,2.8617009359083475e-05,0.8438342420040361,7.755681573673405,1.5643495986530669,0.3029859483793967,0.004002420618256111,0.09320812225264268,0.6038059293679607,11.901347344113798,1.4210300936038671,0.6667503848096531,1.7362055184202565,0.8848030459396254,0.9970069387478754,1.161968821302591,0.34066671023244965
281.0,12.973496014454769,0.0,0.09233254562024362,0.8857667079664033,0.2291327935321269,0.15938565149363582,0.5191490093539937,69.12176609710542,2.357823360082919,0.1561774848388137,2.9115197215232624e-05,0.8438225151611863,7.764780715537704,1.6042173023051451,0.287108250103495,0.003652405217075564,0.09320208207448637,0.6196896678220187,11.921414876250955,1.4204736956207227,0.6645777788037535,1.7303149573051808,0.8677514927063406,0.9973511965488584,1.1570797221229994,0.355890407621391
282.0,12.97353332574907,0.0,0.09475734891290613,0.9556885418168388,0.22887002160158015,0.15667938311756974,0.5196932463679439,69.18878231305843,2.357957851558661,0.14250601289811926,3.315622021029349e-05,0.8574939871018807,7.523321381745399,1.4635329665311594,0.31616152383261126,0.008304620613513804,0.09320916622430953,0.5906293099430792,12.013668834461937,1.4480071353806165,0.6675399807111664,1.7124085765474106,0.9420068106712162,0.9960134021747722,1.172455907351106,0.32289209658498536
283.0,12.973538915361496,0.0,0.08926326293961183,0.9017436306046066,0.22891980549091234,0.14880467384131973,0.5330122577281562,68.87676714612505,2.344689562489292,0.15453749072390657,3.13339759089812e-05,0.8454625092760935,7.727168786723142,1.5482792389920033,0.28281484020533465,0.004408117788715916,0.0931539129134243,0.624031246881241,11.958484523549007,1.4527490847393998,0.6648378270464532,1.7003174653401154,0.8775427198407585,0.9986787112498252,1.153398851917509,0.39911947121556896
284.0,12.973561055255688,0.0,0.0914036195475481,0.9188076007058377,0.22891155473318098,0.1652271680597581,0.5144576576595128,68.85457530405972,2.3514178642389654,0.15930065788263453,2.7613394564617132e-05,0.8406993421173654,7.795660773832742,1.5817785907441149,0.30340037386787994,0.003551799033112937,0.09320872155348726,0.6033909045786328,11.879966755292246,1.4146914178501309,0.6668572430085413,1.7444416331776413,0.8797107451293171,0.9971147420711788,1.160941317171885,0.34001761698568317
285.0,12.973561850958438,0.0,0.090230274388674,0.9167488416463939,0.22947246577127378,0.1513244024178677,0.5289728574221845,68.83588985906782,2.3510254728922204,0.15864452544053814,3.080783041397761e-05,0.8413554745594618,7.731453599966256,1.519553715507876,0.2781763534591796,0.005397267056428497,0.09317706771576109,0.6286465788250594,11.935980631207233,1.4512218585945287,0.6650285200468249,1.6716001078650382,0.889529587659493,0.9975715729819735,1.1582155633538513,0.3610724380173519
286.0,12.973572215418594,0.0,0.09296207602969801,0.9144762651213356,0.2291903535527248,0.15548826763012882,0.5223593027874485,69.03272820433135,2.352047537944356,0.1540684498594621,2.976207821648592e-05,0.8459315501405379,7.729929561472947,1.552399519421742,0.2965161086164976,0.0041478664296812455,0.09318175057701344,0.610302140806489,11.938787082146234,1.4365817957421623,0.6662873087428693,1.7480966650150158,0.897852284625074,0.9975617518373925,1.1595645447764245,0.35385011075825434
287.0,12.973580119065847,0.0,0.09313235417110366,0.9050727611293237,0.22913561168199878,0.1592733456842167,0.518458688462681,69.0882498596707,2.3573484513228142,0.1568631943016914,2.9005649512615964e-05,0.8431368056983086,7.778286253647931,1.5736444120114021,0.29651490843925776,0.0035137447412848083,0.09320033419045635,0.6102847573702859,11.932407188693617,1.4295833451371842,0.6657931804206478,1.7606135811229109,0.8863301280611133,0.9973091688208511,1.157136461652288,0.34145507716707424
288.0,12.973591375488922,0.0,0.0937863492000339,0.9019880779782847,0.2286397085462413,0.16188348500347696,0.5156904572502479,68.87735754740203,2.3531947538964406,0.17133299599517016,2.580028877799289e-05,0.8286670040048298,7.857129797722706,1.6307435745913934,0.3113242742194085,0.003681179011616122,0.09319940329081573,0.5954763224897758,11.84182066608918,1.401561888798346,0.6674282354522149,1.627639810978005,0.8840564928753856,0.99796558842283,1.1526559426661611,0.3608644288977437
289.0,12.973605065530041,0.0,0.09185331270857928,0.9213590068182214,0.22965604081059238,0.15889577355465456,0.5195948729261739,69.03947312685057,2.3538293810307325,0.1525362719852614,3.0432289915301174e-05,0.8474637280147386,7.71071267458114,1.5678205858061534,0.30517152275191345,0.0037549104879303977,0.0932067731184654,0.6016217041296212,11.954636894101693,1.4322627819956577,0.6663638479079715,1.681942440409226,0.8968014887033673,0.9975135271562008,1.162534420672383,0.33681394718386737
290.0,12.973615184459863,0.0,0.09202274392468586,0.8962315372494642,0.22874979516076488,0.16072594459564943,0.5185015163189,68.8601890724286,2.3527173240652037,0.17486016238245278,2.5880698592102375e-05,0.8251398376175472,7.854880376986429,1.6156615639305785,0.2997547977417518,0.003442877344530643,0.09319048354611686,0.6070547187121313,11.869862417430834,1.4112047092364126,0.6665570566135282,1.6835179232917943,0.8718083920537163,0.9979360624741063,1.153610074599536,0.36912046682463384
291.0,12.973630864311389,0.0,0.09078153523676827,0.8834687557032506,0.22872811941955107,0.16358591149329876,0.516904433850382,68.72676302874892,2.348730635618482,0.18610737225691476,2.441015402280973e-05,0.8138926277430854,7.926115413245659,1.6297554920932147,0.3015427394396687,0.0030654911363761222,0.09317475833510114,0.6052825022252302,11.85010787233573,1.4080063617018233,0.6657654381723683,1.7095657021836193,0.8711060712815888,0.9983248632824896,1.1507622353187914,0.369293451908404
292.0,12.973671616838224,0.0,0.09479771399053948,0.9036716668439324,0.2287249875010415,0.15239323899952417,0.5240840595088949,69.13287812495695,2.3567275530095007,0.15980260556950446,2.915913596209859e-05,0.8401973944304956,7.666779941258923,1.5788997116461896,0.31247421490805605,0.003340656001809981,0.09317713780587708,0.5943486472860668,11.984879404618118,1.429477967310049,0.6661031186777144,1.7562516239647221,0.8988655225391193,0.9975078082521802,1.158978284382539,0.38434769723207546
293.0,12.97367783240719,0.0,0.09193134598966551,0.9378346657942878,0.22990525364266293,0.15464777883555988,0.5235156215321116,69.20601517855556,2.35813210719493,0.1442075570870417,3.3437071797119484e-05,0.8557924429129583,7.56835449525226,1.5492080708679743,0.305582707275016,0.004831051799821979,0.09320836646451316,0.6012089262604708,11.989141033651851,1.4364876063490604,0.6667735675403144,1.676187065538863,0.9247658086434243,0.9969611828785555,1.1693905761093262,0.3469515481390733
294.0,12.973696310900475,0.0,0.09281116025179695,0.8700161035977492,0.2269914403374444,0.1669981673902219,0.5131992320205369,68.55899458408103,2.33023815044035,0.19722966274078393,1.715503331057309e-05,0.8027703372592161,8.146603929955019,1.7363965498381553,0.32488331181684377,0.0018449547602249316,0.09316188343452791,0.5819548047486283,11.744648827358457,1.3633602728774996,0.6679229447449411,1.6931769250707345,0.8611559463332137,0.9989379380691958,1.146456455721285,0.3644337183101006
295.0,12.973711445692834,0.0,0.09010539617845312,0.9024949953289632,0.22879034925132707,0.1599888165969931,0.5211154379732267,68.74639488354356,2.3476602542394565,0.16786846873342326,2.7705130915742497e-05,0.8321315312665768,7.827797310968839,1.584667376438843,0.29196684384764005,0.0032257128607655053,0.0931743478865049,0.6148588082658552,11.891941027145908,1.4212525588451101,0.6659151907604639,1.6853808147698408,0.867780692318268,0.9978862461769333,1.1568548732636252,0.3657108188031467
296.0,12.973713700688574,0.0,0.09305777776967812,0.9090598734804911,0.2286011441663095,0.15830992466197774,0.5200311534020347,68.99008712430951,2.3557616734812905,0.160817084897831,2.8161027425578285e-05,0.839182915102169,7.724816686987466,1.5675508910189935,0.3003371225250918,0.00447139152831234,0.09319423490656048,0.6064686425683476,11.924156871159637,1.427735566075186,0.666558369775133,1.7053040920025992,0.8922490235806282,0.9972824798369151,1.160287649107412,0.37428853460431727
297.0,12.973736559570867,0.0,0.08955724519447256,0.9044237532791688,0.22935193418222247,0.16240091898483944,0.5186899016384655,68.70152266038643,2.3497644599242546,0.1741566329408605,2.737349822374578e-05,0.8258433670591395,7.818803407271689,1.5791256658817205,0.29844613595652286,0.003212569586556975,0.09317767703898401,0.6083761870044931,11.897044172111281,1.4248400679276059,0.6653278521200081,1.661668053809536,0.8896625764280215,0.9977040650563627,1.158383027020537,0.36078845477577765
298.0,12.973742343474733,0.0,0.0942584351982138,0.9194799267145136,0.22880847698586657,0.15560693122884142,0.5213261565870783,68.99710837124675,2.357004400305901,0.15620552195893422,2.8272146592672835e-05,0.8437944780410659,7.677286709403544,1.5575096032829276,0.31215497642361734,0.005379441027203093,0.0932081253527285,0.5946368982236542,11.952235649400402,1.4254628105880731,0.6668760161317964,1.6888030813824648,0.9044306954080581,0.9971948161991299,1.1612961271760522,0.3542226120131632
299.0,12.97375693504367,0.0,0.09228645581177372,0.9081568478028246,0.2290908955620339,0.15699470165528784,0.5216279469709045,69.10094928716256,2.3529581877197114,0.16060278929551727,2.997680139412993e-05,0.8393972107044827,7.708741865754744,1.5853243309110554,0.3119586981054339,0.0041378655339896426,0.0931899810734153,0.5948513208211508,11.925893478869678,1.4224799082846122,0.6671082458157911,1.7333437358658081,0.9103763102008462,0.9976259073420736,1.1601456806127626,0.34998834121922384
300.0,12.97376051256957,0.0,0.09316962707958135,0.9111502203927722,0.22889443723950784,0.16096548499681512,0.5169704506840956,69.05233096235527,2.3569330106523934,0.15421915778443893,2.990261931334793e-05,0.845780842215561,7.750249348729364,1.5676762844128012,0.3018871750712667,0.0031739969879979856,0.0932095090437385,0.6049033158849948,11.943312265883142,1.4257556719134874,0.6662875298081357,1.7741397128728633,0.8844856022842835,0.9968623399781634,1.1600232016226448,0.3326558595411614
301.0,12.973774924303278,0.0,0.09228378026271457,0.9108566665392788,0.22838374756396468,0.156877735143034,0.5224547370302868,69.1434520085916,2.3539990697871245,0.1571424278950243,3.1640439123125085e-05,0.8428575721049757,7.723465743558297,1.5396797441390626,0.29618669762800454,0.00494699593299804,0.09318101046417371,0.6106322919078218,11.917067202942842,1.4309102952629242,0.6655960758838899,1.729393454476196,0.8793137460770304,0.9974899553601277,1.159430666878279,0.35403578285775855
302.0,12.973775792699529,0.0,0.08990404886352753,0.9135471029170019,0.22926924950229405,0.15338889092241123,0.5274378107117672,69.08830262227274,2.356676636506621,0.14242504433682002,3.320379470415143e-05,0.85757495566318,7.624814995960664,1.5211757525970289,0.3086539762165994,0.005534009284502198,0.09317739254129062,0.5981686312421101,11.957574826867859,1.4395114505289928,0.6660929462857302,1.7094578870496258,0.9088564347697955,0.9969484334134127,1.1649882482148817,0.3594689954589775
303.0,12.973786077999964,0.0,0.09319254201651395,0.9008682021158555,0.22885564512112364,0.15662855319165733,0.5213232596707051,69.17920910107448,2.3574727542366976,0.16269656259745507,2.8667574687727522e-05,0.837303437402545,7.763568867284664,1.5883593888253529,0.309908200229986,0.0029428615281849265,0.09319886272368527,0.5968929370463287,11.915730029269303,1.42466487302742,0.6657843959139782,1.7618424208434584,0.8909755146601827,0.9976020087423145,1.1574154323535941,0.3662040969877298
304.0,12.973797747088593,0.0,0.09408163656068526,0.8894407965440326,0.22868784021749428,0.1600864755642277,0.5171440476575928,68.96523172317328,2.3536162261981013,0.17663838211811514,2.5286362849187906e-05,0.8233616178818849,7.927672645863616,1.6278542341310531,0.3110492177980479,0.0026183519958164186,0.09317896091084613,0.595771821291106,11.844803478565295,1.4081335352640323,0.667055712301361,1.7421814679557266,0.8892415356664876,0.9982806777493342,1.152140899594075,0.36064134927380276
305.0,12.973805143653909,0.0,0.089967374831006,0.9108190797377322,0.22927453970598233,0.16184377553163043,0.5189143099313812,69.12739555611152,2.353509906246267,0.1515194210560011,3.086712817988083e-05,0.8484805789439989,7.713995699427833,1.5633912866006123,0.30002143145400006,0.003817319266953524,0.09319662249452115,0.6067819460514787,11.954591081607965,1.431487495879671,0.6657230906810894,1.7607183881536606,0.8857435450746878,0.9968369158963657,1.1609932439009936,0.3306034113039065
306.0,12.97387905966437,0.0,0.09474859842472286,0.9013849274828514,0.2288296125010528,0.16117353065811024,0.5152482584161141,68.95503931681226,2.3534900625795157,0.1752166569730602,2.6708247992771625e-05,0.8247833430269398,7.811339205600462,1.590441971490727,0.3192630238741456,0.005024401318570565,0.09319807534702425,0.5875389007788302,11.86287268509907,1.4144567971755684,0.6680737350976222,1.6782826417272265,0.896693117529205,0.9977919483929611,1.1554237653155526,0.3516401316412815
307.0,12.97388173939847,0.0,0.08943951599214255,0.9081655643067446,0.22845620429497054,0.1648221983720238,0.5172820813408632,69.11509399998265,2.3612668119989815,0.17625450260337688,2.7138693110788893e-05,0.8237454973966231,7.91851130097442,1.6054310776782066,0.2908179204066964,0.0031934705512047623,0.09318202640819069,0.616000053185113,11.736689953744166,1.3920045432240933,0.664786571445776,1.708594296855399,0.8759639865852271,0.9976554387252852,1.1533295855725498,0.3650187206665402
308.0,12.973901610892005,0.0,0.09234316493744844,0.9177499144427703,0.22939458785742822,0.15754138565341747,0.5207208615517058,69.09302102917546,2.356878196162323,0.1504461014619764,3.0164825928935102e-05,0.8495538985380235,7.710321898186743,1.5545710358659954,0.29619898610639417,0.004499387655972501,0.0932013752426835,0.6105996386509223,11.955494041675493,1.4390774957868964,0.6658948222916056,1.744620998609474,0.8983452462035069,0.9972504687745882,1.1605369657218814,0.3495137906333562
309.0,12.973914898110968,0.0,0.09027873381323534,0.9067496544297642,0.2292926738694624,0.1553458375541172,0.525082754763185,69.03384129412062,2.354754828373733,0.1497357379484023,3.163038708653251e-05,0.8502642620515977,7.708479859242835,1.5377198026879548,0.2990063995455972,0.004829387134473194,0.09317717016269803,0.6078164302917047,11.94091190885187,1.4402959828434618,0.6656415988283898,1.7320019023169142,0.899645201230397,0.9972677400424288,1.1605594921137714,0.35589793368494427
310.0,12.973919865325014,0.0,0.09235852446106355,0.9109896454992942,0.22904188685874047,0.1600842920348984,0.5185152966452976,68.90678393866098,2.3517044780334104,0.16033984043434654,2.717757375689397e-05,0.8396601595656534,7.8024658374330595,1.5666053947550245,0.29923888385791625,0.004132324022310688,0.0931840310842577,0.6075770850578261,11.88987427053072,1.42647861631265,0.666566308135688,1.7084877661498328,0.8874125927025232,0.9976228688755884,1.1568653551308343,0.3536028454676826
311.0,12.973937523421812,0.0,0.09108997298821458,0.9332327552389449,0.22912672633607367,0.16212758084838924,0.5176557198273225,68.93440757768381,2.355354181362142,0.14885099159373233,3.095877721283829e-05,0.8511490084062676,7.662396773301622,1.5236819504406223,0.3020189555729357,0.005053870983590184,0.09320672388400528,0.604774320543059,11.951235384697425,1.435820337029252,0.6665010490122473,1.7169879173196925,0.8966850811636786,0.9967553976601677,1.1643663309409051,0.34218126114157144
312.0,12.973947984660892,0.0,0.09271568189377284,0.8861190661383942,0.228497682466883,0.16177480550459905,0.517011830134745,68.8361457920037,2.3512001031840195,0.18540637184523429,2.4349535499698282e-05,0.8145936281547657,7.917341894963151,1.6473783144642105,0.3056657580177442,0.003193846260793362,0.09318526997471176,0.6011489720075441,11.840857943462254,1.3983915211242894,0.6669187288245086,1.6587773932692156,0.8685941795927579,0.9981603714052303,1.151015027820366,0.36835921091739887
313.0,12.973961996107224,0.0,0.09195527059554578,0.9214486372736272,0.22953917741243107,0.15888399279538915,0.519621559196634,69.02282643176815,2.3555734062908984,0.15384315811393773,3.013151215586564e-05,0.8461568418860622,7.725939494024702,1.570730207783588,0.2985647575222963,0.003251479457431018,0.09320451827227721,0.6082307242054265,11.941355271761962,1.4286138521632936,0.6659244259536886,1.7169146046201764,0.8982565137574063,0.9971418692173366,1.1622117412733721,0.33980785255957535
314.0,12.973981931774095,0.0,0.09116748642077804,0.903940001096333,0.22919713533249464,0.1591912679710144,0.5204441102757129,68.88801807641562,2.3523062276384343,0.16016916774099005,2.9029209651318535e-05,0.83983083225901,7.77251029788139,1.5641237612153511,0.28970690336261945,0.003687665114942849,0.09319342569939375,0.6170996709379869,11.938420338633227,1.434874040996958,0.6653193527108994,1.7303506447989063,0.8830679322457573,0.9976091884332685,1.1574599441759932,0.34783617270900036
315.0,12.973982374906331,0.0,0.09285125536284888,0.8909158168932321,0.22889583301061467,0.16603971505969636,0.5122131965668402,69.14490978584851,2.3547035417478357,0.16977037264685524,3.182947179782045e-05,0.8302296273531448,7.867258600378605,1.6037357962575918,0.3204133860529716,0.0034694010405433686,0.09317285441501412,0.5864137595320144,11.908846122847933,1.4301443124293047,0.6673419240086371,1.7973987815759145,0.901821071360186,0.9960017133872687,1.1525635718302571,0.3690112953502067
316.0,12.973990181080337,0.0,0.09165028216552511,0.9029077394804024,0.2286535742299446,0.15995649772984238,0.5197396458746879,68.8527906474032,2.351529757029738,0.16529941723741293,2.621638562635987e-05,0.834700582762587,7.8350352302611554,1.599564230955131,0.3026367846519864,0.0032111048287835633,0.09319203978742294,0.6041711755605906,11.881504888613662,1.414088472287132,0.6664535988480094,1.7307565272511443,0.8751789960641696,0.998063650312125,1.1567691872364008,0.35683334539988876
317.0,12.973998119926508,0.0,0.09297744348918059,0.9021991533103924,0.22865185946244004,0.15993694196586,0.5184337550825193,68.8679754794068,2.3513851272311728,0.16671738967794614,2.563054440015928e-05,0.8332826103220539,7.849584094945817,1.6022568912790587,0.3031226674755618,0.0029971902864445715,0.09318624820455042,0.6036910843198877,11.870238619795838,1.4144558331072816,0.6668176700756167,1.7068954000451266,0.8786749921765473,0.9980515828100651,1.155402935832417,0.3645710025277063
318.0,12.974008025018978,0.0,0.09881394834995583,0.8953161274360757,0.22958210957348274,0.14693337428611586,0.5246705677904456,69.6300902697096,2.3662134005651967,0.1519059158677684,3.192633778648794e-05,0.8480940841322316,7.688712331500749,1.5853924398048445,0.3113122797970532,0.002637638027429408,0.09317308798685471,0.595514632216092,11.984354408644808,1.432666801047429,0.6663959912120219,1.8186278873935862,0.9125895162394028,0.9977306789920388,1.1563508703538183,0.3414016412241101
319.0,12.974051853258853,0.0,0.09197411959924794,0.9122608956514066,0.22915257220592322,0.15539839007015957,0.5234749181246693,69.15581163145083,2.3527633270635917,0.15655176488449263,3.115492400895168e-05,0.8434482351155074,7.656327019755418,1.5769241522576647,0.31261129788934877,0.004554326051479953,0.09318964038903353,0.5941990617216177,11.943229731614665,1.426028739272903,0.667220893262273,1.7311410797526618,0.915468049693141,0.9976285756456454,1.1617189497409381,0.35244867104822536
320.0,12.9740556213841,0.0,0.09358090990046529,0.9408934383211058,0.2285136413051666,0.16457909330518433,0.5133263554891838,69.22072655990117,2.357412507627882,0.13944159054451144,3.2177574978529165e-05,0.8605584094554886,7.664243598986113,1.5372333632494009,0.30681310527421624,0.00426669890417847,0.09323510265363942,0.5999517920721443,11.961434013681354,1.4238463838551974,0.6669339762190942,1.8575363244366225,0.8914294699076332,0.9958316473324222,1.1706083058730978,0.29519621221253645
321.0,12.97410004788001,0.0,0.09162619071925575,0.9117891895831252,0.22898256407539225,0.16007585351846526,0.5193153916868868,68.88207590222947,2.352439860851875,0.15898743282331373,2.677053147336343e-05,0.8410125671766864,7.797728394683789,1.5876162704325398,0.30054960909769296,0.0036190452800056176,0.09319743725302929,0.6062529536492778,11.889384224773604,1.4203353059480077,0.6669656564693605,1.6975398404919528,0.8735566536826467,0.9976823431160284,1.1586166079785676,0.3632876407110128
322.0,12.974108258862579,0.0,0.08910437775392448,0.9078615417274105,0.22923648243990422,0.156845168687139,0.5248139711190324,68.84984961757733,2.347735600991526,0.1629242973149166,2.9010184619012252e-05,0.8370757026850835,7.751570058374882,1.5617511432197329,0.28997032304276016,0.004065372092289291,0.09316957533474525,0.6168601016224946,11.938826534404,1.4416142374722478,0.6658060660852438,1.6878774095209221,0.8905313481072766,0.9980652703546846,1.1572426445338564,0.37636180756909177
323.0,12.974120258951574,0.0,0.08906314094846494,0.9123599384485038,0.2288139352848478,0.16214815045770742,0.5199747733089799,68.71098411393642,2.344220854989212,0.16789184664587703,2.8128534371555244e-05,0.832108153354123,7.7961050899599975,1.5565009969171737,0.2903345574978943,0.0045493454019327325,0.09317090057901961,0.6164945419230861,11.917150889624985,1.4321285409915736,0.6659580633644191,1.7102439687656386,0.8865169229051855,0.9975731602713751,1.1587353543981094,0.3566186007774102
324.0,12.974120863861925,0.0,0.09450038209405281,0.9382948859734284,0.22936356236734168,0.15044117194302986,0.5256948835955757,69.31235282854678,2.3631443629695603,0.1318946415701504,3.247941714089591e-05,0.8681053584298497,7.572951327371617,1.5439519849865468,0.29681612806444585,0.004736975789003537,0.09322478664124102,0.6099590852943132,11.972619552198296,1.4382339003428064,0.6681194564042582,1.6702697158072917,0.898436126272148,0.9968840553634053,1.1639190645457642,0.35963054671154104
325.0,12.97418339169427,0.0,0.09276701618113606,0.926014495305495,0.2292370098862574,0.15880195355771232,0.5191940203748943,69.06875506429083,2.3572168630140613,0.1493727951102152,3.154651304639252e-05,0.8506272048897848,7.638420500873179,1.5079775173468515,0.30090210415152724,0.006275538909887859,0.09321150062494224,0.6058863952235305,11.971217583687661,1.4434774328836355,0.6664242588690172,1.7520002594462627,0.9037615532435008,0.9966625104389407,1.1663789538498368,0.33507290914887733
326.0,12.974188883216359,0.0,0.09097256023635802,0.9078324060543088,0.22891604022773676,0.1604029348431057,0.5197084646927996,68.84506598042252,2.350954137053295,0.1620948930933622,2.6219779070451354e-05,0.8379051069066379,7.822014557037841,1.5955248470927492,0.3013996707968743,0.003463194728251303,0.0931922036581159,0.6054081255450099,11.881368958309736,1.4184776325583655,0.6669516445863232,1.6955601000008,0.8729899208959009,0.9978799640640428,1.1574932639558333,0.3670463216812969
327.0,12.974199767594651,0.0,0.09213310899433792,0.8853191171096979,0.2289469295384638,0.15455540589528566,0.5243645555719127,68.8527308603141,2.343854271134612,0.1628617771879977,2.800229429151237e-05,0.8371382228120023,7.896063412403107,1.5630733597820685,0.259281556806415,0.0026591819556130844,0.09316837733646303,0.6475500658571219,11.922439947671663,1.4464775111900154,0.6635748126944704,1.7853655622339508,0.8783801189623581,0.9987206624832585,1.1502275241856634,0.32929387155151346
328.0,12.974227325178292,0.0,0.09275222604366563,0.930458202091356,0.22952028850088416,0.1572689284308233,0.520458557024627,68.99492958460479,2.357237826708959,0.1495045946730512,3.124752592845845e-05,0.8504954053269489,7.674023407597309,1.5196770243351476,0.2911596856747826,0.005341971787551074,0.09320728883912029,0.6156330254860971,11.959623203541742,1.4443969371730696,0.6659582266338644,1.7205616928054006,0.8997043978447106,0.9969373527958645,1.1641639131310482,0.34445201037957734
329.0,12.974236215048595,0.0,0.09328491989382456,0.9351707549601804,0.22905165510815317,0.1599536694037185,0.5177097555943038,69.13339085099568,2.359573250044341,0.14378481054677866,3.24649235663326e-05,0.8562151894532213,7.619410723021947,1.5046802851894137,0.2983017388698756,0.006371928025406029,0.09322039162557269,0.6084778695045517,11.984964090000501,1.4411120799245274,0.6662157037164438,1.7476422632811335,0.9010548337953018,0.9961572405043333,1.1688091717662044,0.32578728893612396
330.0,12.974249550934948,0.0,0.09204270848257165,0.9082748501492963,0.22945923268428048,0.1558838978919088,0.5226141609412391,69.03173897115195,2.3532475978263063,0.15674150700518802,3.0424929562037362e-05,0.8432584929948119,7.7757480878115235,1.563509608406421,0.2897221427088796,0.003651548315559146,0.0931816200426885,0.6170962372484319,11.925756729178454,1.4394529079962637,0.6655359634682498,1.7332643623414545,0.8987046805620222,0.9979706897969487,1.157895812538944,0.3524457252830993
331.0,12.974254525841454,0.0,0.09178511894478174,0.8950826654309825,0.2286080965333393,0.16074261663879882,0.5188641678830802,68.81772439050917,2.3470964818860947,0.17293867042657216,2.4891092357417506e-05,0.8270613295734278,7.895273306263897,1.6280050280722413,0.3080962592542363,0.002952321685280791,0.09318304721875252,0.5987206935270113,11.85886374992656,1.4079467241810963,0.666801484182861,1.7175536842799637,0.8768746050341822,0.9982023869773371,1.153664069596401,0.3645028680134469
332.0,12.974262888264711,0.0,0.09180683125647879,0.9139282392339871,0.2288873137133664,0.16140603951131777,0.517899815518837,68.92027145036626,2.3529622850135277,0.1574937098068004,2.7132805818236862e-05,0.8425062901931997,7.778642651568853,1.5855875399247545,0.30616380667473425,0.0035671722754954793,0.09320035317583698,0.6006358401494288,11.898005337577352,1.419241987978811,0.667318722260539,1.7109529814148217,0.8786563952934936,0.9973894735168576,1.160036532653626,0.35912337817390316
333.0,12.974298006625581,0.0,0.09113475002151515,0.8985520219885675,0.22902526046198368,0.1571431939662148,0.5226967955502864,68.85412862366611,2.3488629377584838,0.1665176806030823,2.811119482382088e-05,0.8334823193969176,7.806414127934682,1.5881587892912066,0.29434758524265214,0.003274319659546433,0.09317902281676031,0.6124733919405876,11.91540717675915,1.4278537897362147,0.665972815859045,1.7245156517815863,0.8836751509204643,0.9979922708501616,1.1543994025581483,0.36079278119945324
334.0,12.97431797473401,0.0,0.09184913960781459,0.9106124548317847,0.22926312075135047,0.16122627362742523,0.5176614660134098,69.19216908930585,2.3565152532199667,0.15252301933150295,3.091463962632892e-05,0.8474769806684971,7.69572885889771,1.564287774949078,0.30405495182556586,0.0037100472044042637,0.09320059229482684,0.6027444558796073,11.967405255319303,1.428716530694743,0.6658971842493853,1.7698936362194047,0.8934133039641348,0.9966933126751036,1.1620097986396438,0.3264993344039528
335.0,12.974334904203879,0.0,0.09098905216287703,0.9307893589631697,0.22969557511819277,0.15782917206700062,0.5214862006519296,68.95012631234684,2.3547496561801196,0.15063935698443542,3.0118453683494058e-05,0.8493606430155646,7.708908645513228,1.560773884990541,0.2923696258547614,0.0039513138856781,0.09320581546633214,0.6144245586789064,11.92745185507656,1.4326779006621517,0.6657438156435159,1.6765042422368532,0.8935553171632813,0.9973476381462407,1.1627299968952902,0.35300560546837834
336.0,12.974359774581842,0.0,0.09348825743832215,0.8813777402932933,0.22906637661907134,0.15400336694272046,0.5234419989998861,69.07642642248076,2.351967079694428,0.1616480015983562,2.9728560872115804e-05,0.8383519984016439,7.854304097939545,1.5433204858714298,0.2698543063643189,0.00313300985599488,0.09316810226064191,0.6369775913750392,11.939574855926812,1.4518677137864218,0.6632751895477952,1.8004889808841849,0.8862445535966059,0.9985337653826611,1.1508380231941338,0.32796951407558084
337.0,12.974367205855607,0.0,0.09218038754531346,0.9156810715855346,0.22901086408422924,0.1626348064984488,0.5161739418720086,69.02496291374179,2.357267024687104,0.15496934375223206,2.9516437531531967e-05,0.845030656247768,7.7442119037990835,1.5570026197481968,0.3026096336069059,0.004152410730108842,0.0932080404561368,0.6041823259369573,11.933685314467127,1.427787448023316,0.6660068976500488,1.7415639641308251,0.8833794942796871,0.996859120069344,1.1622750243663558,0.3382717071700816
338.0,12.974372197181228,0.0,0.09229966541977369,0.9023933928134931,0.2296740216609007,0.15101001380100662,0.527016299118319,69.17951944967642,2.355263544751007,0.1473888836776144,3.381720695685943e-05,0.8526111163223856,7.715687669203623,1.5057581067265842,0.27214055720871116,0.00418829089445682,0.09318215691138068,0.6346772858799081,12.01921919501695,1.4698546944792017,0.6630960094631355,1.8463935252750847,0.8995609212629394,0.9975851245118865,1.1590356132002617,0.3246052970230741
339.0,12.97438746168541,0.0,0.09357102930098528,0.8995885136166903,0.22880646224234238,0.1608679181378901,0.5167545903187823,68.89640529377985,2.352415221089417,0.17403531103417902,2.657323154276536e-05,0.825964688965821,7.819716662156957,1.5898476126635326,0.3124536914274506,0.00443114525631852,0.09319147307888716,0.5943548354936623,11.872238314834101,1.4161336040350851,0.6673946179602803,1.6807123969246671,0.8886229234443531,0.9978174282351576,1.155566305579167,0.3561181699079069
340.0,12.974404582639664,0.0,0.09353143235435853,0.911118472834817,0.2295492051650939,0.15731277809937344,0.5196065843811742,69.141411115994,2.3544284481702773,0.1577866493976045,3.059354942921545e-05,0.8422133506023954,7.7048296791858775,1.5669345294511328,0.30564845639953586,0.0032754320574546795,0.09317988090288792,0.6011716626975762,11.952371542658021,1.4323027415731673,0.666410243224176,1.7597416508619057,0.9137770967505874,0.9975305360973223,1.1601435136588358,0.34162075879382264
341.0,12.97444316177545,0.0,0.09182046578831983,0.9050977382377414,0.22890918466259194,0.15871990332330094,0.5205504462257874,68.75647131955292,2.3458358718499697,0.166058815826684,2.6724056795988384e-05,0.833941184173316,7.836332106828445,1.6030511318700853,0.29779981424266777,0.0035329439297694183,0.09318242669085115,0.6090177590664811,11.890515145631074,1.4223248790518535,0.6663931714405484,1.7139635641285498,0.8841622797857029,0.9981016259788384,1.1556296518704876,0.37151881533324405
342.0,12.974447439771902,0.0,0.09050888457115622,0.9040673483150519,0.22896330383412847,0.1624878540715377,0.5180399575231777,68.72785873053793,2.3473309921524663,0.1694304483717865,2.4916125050475925e-05,0.8305695516282134,7.881318773598219,1.5978261771217614,0.2958490499547293,0.0037591474822460513,0.09318684294829152,0.6109641070969791,11.85011033686758,1.4184541583048431,0.6662626015562676,1.7028370924680911,0.8769460397619382,0.9980900544235627,1.1538286246999765,0.36228821373255704
343.0,12.97446257949341,0.0,0.0953530233489496,0.8895448878886343,0.22839734010581017,0.16397452325584802,0.5122751132893922,68.93353195004782,2.35509729847288,0.18129542916733693,2.4187712200323592e-05,0.818704570832663,7.93533377500345,1.6620394387774715,0.3203642239986102,0.0031160806352878738,0.09319418047543121,0.5864415955259585,11.796698045202454,1.3863984790737665,0.6677668976877622,1.6193765567299354,0.8832914317872035,0.998213974743191,1.148809169224207,0.3559402030986626
344.0,12.974491675121097,0.0,0.0919519232444236,0.9115513425594723,0.2291346041609669,0.15735779584601053,0.521555676748599,68.98915051905801,2.350065865141407,0.16235549997083656,2.9505876116163006e-05,0.8376445000291635,7.778599622590675,1.5812359392902522,0.3054099450070213,0.0037769386410470137,0.09317770146958329,0.6014123535233955,11.907046234165342,1.4279820560723775,0.6670171750266147,1.7253538967929658,0.8999495355589835,0.9979493654005773,1.1583480692526538,0.3560280331218877
345.0,12.974536899873055,0.0,0.09420431487366727,0.8705723786539376,0.22769482788178402,0.16678636023656984,0.5113144970079788,68.86365794746266,2.3435467230680125,0.19120113825880575,2.0582921576321434e-05,0.8087988617411942,8.0012200093153,1.6885207822878268,0.32870982237662844,0.003690097239605641,0.09318607979083757,0.578104097832534,11.780452304214535,1.3750023596594239,0.6680910392962833,1.6756078612690326,0.8763497053655835,0.9984227306597362,1.150743184076973,0.35187990271660535
346.0,12.974545007759694,0.0,0.09004323168628992,0.9020706474960769,0.22909429674290577,0.1601539445842266,0.5207085269865777,68.75952661692769,2.347717295929037,0.16749779565618955,2.6677827920657754e-05,0.8325022043438104,7.855079975656087,1.5882394300061917,0.29306445122718844,0.0033731830949275685,0.09318170678421954,0.613753841988592,11.894173488963474,1.4285056110478442,0.6659258003987233,1.7150370891862825,0.8820348909603164,0.9980143868949303,1.154203512398066,0.3608556944140291
347.0,12.97455030865309,0.0,0.09290203316449634,0.912890564336855,0.22866591631671365,0.16232908633740745,0.5161029641813827,68.96007305857543,2.353518961170292,0.1589299442232079,2.761978673356967e-05,0.8410700557767921,7.798417606514016,1.5793174275049,0.30141645887808244,0.003383528289480338,0.0932020914687382,0.6053814496531794,11.88972452461419,1.4176558544549724,0.6670314061514159,1.7311987073118282,0.8773305074746239,0.9973854951695232,1.1597143116927002,0.3443588619160131
348.0,12.974552351376381,0.0,0.09197829738953746,0.9275347318182182,0.2294556969124446,0.15438968421317875,0.5241763214848392,69.11018290312762,2.3588993274066414,0.14511010348197392,3.366460510586302e-05,0.8548898965180262,7.623518253753852,1.5145350783610327,0.28722916177580565,0.005480109701241156,0.09320260535529812,0.6195682328688963,11.992574751597129,1.4497799980426276,0.665657479356147,1.710899830799165,0.8963032852530943,0.9967315754300716,1.16696752708629,0.34793653065688135
349.0,12.974571131767181,0.0,0.0920198044080425,0.9313307983187171,0.22891293758521375,0.15664256878317245,0.5224246892235713,69.10389744025521,2.352162927562656,0.14980775261988868,3.1308277858676605e-05,0.8501922473801113,7.724960425397639,1.5525175580483626,0.3013483736690362,0.0034344058795664563,0.0931954074304028,0.605456218900561,11.93969477110606,1.4365366091353227,0.6655138308228908,1.7569949773503524,0.9187082928563501,0.9974757733672506,1.1603415601408829,0.35159879556732876
350.0,12.97458800472456,0.0,0.0892782541272259,0.9147070959327986,0.2289593667539433,0.15857612878022406,0.5231862503386068,68.80686066999426,2.347008599015051,0.15864194143003735,2.9351906128568498e-05,0.8413580585699626,7.756955240262874,1.5476238622357281,0.2853244828301652,0.004809725635613472,0.09317329416224449,0.6215022230075903,11.931315034863536,1.4369860618020107,0.6657900576644669,1.7193665537620668,0.8794039613032885,0.9976213281233487,1.159328295984054,0.36288096637334866
351.0,12.97459090036873,0.0,0.09279518357474661,0.9162181563762914,0.2295193878859615,0.1552250560324699,0.522460372506822,69.05802700648259,2.353601308478635,0.1566973782132835,3.0286754060396794e-05,0.8433026217867166,7.701035254948247,1.5757143229941355,0.30162452743211327,0.003424649211561612,0.093186819283703,0.6051886532841838,11.94619131832824,1.430704778150068,0.6667370256754523,1.7122306503670466,0.9118837772604245,0.9976993541784009,1.1578262935556598,0.3543664042399657
352.0,12.974593953651393,0.0,0.09212038857928834,0.9091373222884749,0.22899158629475963,0.15979814799018405,0.5190898771357679,68.90297934965098,2.3530753295242803,0.16224617596398386,2.753738465284067e-05,0.8377538240360162,7.798165933587736,1.5862307765398103,0.30288788276306994,0.0035931572408127,0.0931938260310583,0.6039182912058717,11.896701048674231,1.421964097275924,0.6664914427309774,1.7149195260595143,0.8862123162308952,0.9977956190847825,1.1581694191977685,0.35928029026335107
353.0,12.974621572442055,0.0,0.09191793715647449,0.9143419277542673,0.22941590228109204,0.15786316953726803,0.5208029910251654,69.04794671174454,2.3562848210037757,0.15194819821449396,3.0334369454670804e-05,0.848051801785506,7.713643738510678,1.5506991262654561,0.2931775472281014,0.004384637804912568,0.09320139789649101,0.6136210548754076,11.961531616634817,1.4408456067355597,0.6655251659908812,1.7459429177659014,0.8951336247960541,0.9972523784682439,1.160198575919367,0.3460960167530508
354.0,12.974622026217641,0.0,0.09134052817231961,0.904688935792946,0.2288985593891766,0.15971464429340465,0.5200462681450991,68.83651523766605,2.35080359782716,0.16407785810809672,2.6022797525179526e-05,0.8359221418919033,7.836042280734398,1.5984619081367195,0.30078130567224237,0.003258512071742171,0.09318690089542372,0.6060317934323339,11.877898710159371,1.4182426160126353,0.6667941241427573,1.6967786446793518,0.8740307299190381,0.998024420225631,1.1561769732744955,0.36856629955032316
355.0,12.974696104033184,0.0,0.09233873106719435,0.8942067188417624,0.22875917674400864,0.15976039596797545,0.5191416962208215,68.80128265559043,2.3500369997878825,0.17277550564864816,2.4869252777214754e-05,0.8272244943513519,7.903807235582654,1.6168824185219837,0.30145719468032756,0.002792254224434957,0.09317699947532769,0.6053658058443449,11.85460545518164,1.4126075079227762,0.6664479956555396,1.7060293443063932,0.8755434306115153,0.9983292131612498,1.1523332766706698,0.36908495769477123
356.0,12.97478866478071,0.0,0.09330084429355334,0.8992375040318543,0.22897903334373332,0.15404777348465384,0.5236723488780595,69.04246536665045,2.3542447497477643,0.16131691809596777,2.8536775802870177e-05,0.8386830819040322,7.744706059442345,1.5743564109832295,0.29717712148979747,0.0033364460649638102,0.09317619457890997,0.6096466839312926,11.956973540486166,1.4349202397229766,0.665334269464988,1.7623838744029428,0.8909802919555696,0.9978579704170214,1.156054382240499,0.37055906362754265
357.0,12.974813369516854,0.0,0.0924386830664069,0.9082330839760492,0.22928734087493582,0.1557603151134634,0.5225136609451939,69.09135500690866,2.352849634783584,0.15796631949318737,2.929094764340404e-05,0.8420336805068126,7.751395056363467,1.5723603716961878,0.2976717409130194,0.003678800421470233,0.0931790514435908,0.6091492076433899,11.913911080298117,1.4306565250294967,0.6663431026759459,1.7408642218932742,0.8898801019175911,0.9976478525722644,1.158246899414503,0.35985002458058263
358.0,12.974849066475299,0.0,0.091987699615878,0.9313307983187171,0.23012991196310487,0.15536285273465547,0.5225195356863617,69.10389744025521,2.3553326723861168,0.14881014874748366,3.146748289062327e-05,0.8511898512525163,7.670414313983495,1.5683673920157437,0.3013483736690362,0.0034344058795664563,0.0931954074304028,0.605456218900561,11.93969477110606,1.4338009451808054,0.6663293487593115,1.6679809176674925,0.9187082928563501,0.9974757733672506,1.163429992749354,0.35159879556732876
359.0,12.97489359595963,0.0,0.09500645479100002,0.8719250708103468,0.22724386221734932,0.171846929009326,0.5059027539823248,68.90705177373498,2.3440952963968855,0.19413966706097155,2.188464369514578e-05,0.8058603329390285,8.077185852208347,1.7099757343130058,0.33683623918686123,0.002544557167892034,0.09317814739204597,0.5699856134210928,11.775070515303197,1.371772348121986,0.6688801702324605,1.709302485037632,0.8757681179912824,0.9974696096147926,1.147284415310837,0.3556114782528473
360.0,12.974898714071212,0.0,0.09178832466540957,0.9179837390409703,0.2292852811010182,0.15713575085775003,0.5217906433758223,69.02083932231153,2.354499113760605,0.15288441977398184,3.150886191471443e-05,0.8471155802260182,7.634318665054071,1.5615870992135896,0.2981430110164328,0.00379964494337234,0.09319577769649724,0.60866121128707,11.977186218726537,1.430450060304066,0.666281253950312,1.7283231448274305,0.9219317778989682,0.9972722799096361,1.1628185290444564,0.3541188953894059
361.0,12.974921356024751,0.0,0.09286554293252472,0.9102408041262643,0.22962663223807006,0.15245362106373078,0.5250542037656744,69.11562370614682,2.356282519505028,0.1492806677199562,3.209588870007829e-05,0.8507193322800438,7.695890364590468,1.5120260260278797,0.28145229162218166,0.004548318088295791,0.09318830216579688,0.6253594062120215,12.00619987551888,1.4606049244537402,0.664353562667025,1.8038084198066349,0.9052109713408947,0.9974103006314232,1.1598360911076326,0.33069684859444964
362.0,12.974923033949533,0.0,0.09329916115455841,0.9049843630499693,0.22888125832207362,0.16148026525281484,0.5163393152705531,69.09294143321904,2.356808170011499,0.15389950998928573,3.012382638426086e-05,0.8461004900107143,7.771077972525186,1.5819232913594077,0.3026429121556833,0.0022153837194533424,0.093211348484565,0.6041457393597518,11.945065371158,1.4224136847628555,0.6661961782122445,1.8131637153066142,0.8797641155549725,0.9967956166261589,1.158575359636404,0.32435474407718107
363.0,12.974929919664344,0.0,0.09332487013162417,0.854563913598049,0.22608015546672547,0.17077874345207605,0.5098162309495744,68.42504673667905,2.321198406998458,0.21138817294536225,1.2843782743004506e-05,0.7886118270546378,8.293950747080475,1.7971036720145324,0.33498244533077476,0.0011644315784520992,0.09315062803005333,0.5718669266391719,11.681001628748954,1.3381950350885359,0.6685300426293699,1.6865792277259586,0.8492059789166795,0.9992854342373161,1.1421382519104206,0.36393934995328586
364.0,12.97493889534938,0.0,0.08796781983790788,0.9169868874901966,0.2294898760025225,0.15490781034976384,0.5276344938098059,68.89925581812412,2.352369244476576,0.15265915490710694,3.202559812897935e-05,0.8473408450928931,7.673564300428627,1.5332350443571165,0.2882241049273051,0.00478963389454615,0.09317664357335093,0.6185992514993439,11.994640797958564,1.4511052514801452,0.6653392379653159,1.6564598653279827,0.8867576046425827,0.9972684593755894,1.1641463754187582,0.3702711080513017
365.0,12.974947331582285,0.0,0.09580221418147335,0.9160207262108419,0.22968751168452217,0.152994464092427,0.5215158100415775,69.16657226124741,2.3574390299931984,0.1593431878878121,3.1487904840519994e-05,0.840656812112188,7.714590235222206,1.5398590324948642,0.2918229137583964,0.0033662622957851282,0.09319754653874196,0.6149795397028616,11.956222669507813,1.452057257909747,0.6662204782853604,1.744551419255542,0.9091948859471268,0.997299813453373,1.162749734623403,0.36219605120811144
366.0,12.974978854383718,0.0,0.09282510025485935,0.8963778238782543,0.22846217417067524,0.16102541991163455,0.5176873056628308,68.82897446958427,2.3503755456361572,0.17613252661540194,2.4905950733063114e-05,0.8238674733845981,7.8690564426301,1.6196536324636224,0.3064018499972519,0.0033428779204661687,0.09318843381843621,0.6004097161843119,11.859491825621145,1.4066156009062805,0.6670663361660174,1.6817801567867803,0.8793212167590074,0.9980472351623653,1.153728697594056,0.36612942794619363
367.0,12.974980915641465,0.0,0.09311944783603857,0.9051265587285122,0.22911215702753715,0.15677893350348365,0.5209894616329407,69.19629770939699,2.3536634730307586,0.1606782037210927,3.090581498998075e-05,0.8393217962789074,7.798718916491863,1.5724570635142407,0.3026075353628645,0.0031704595475995773,0.09316844135031106,0.6042240232868245,11.924793316839354,1.4346929416156364,0.6664505267944539,1.818726531848805,0.9048214069043312,0.9978933340930902,1.1585754828518144,0.3469632467306817
368.0,12.974998865679074,0.0,0.09472654175581133,0.8756479759126135,0.22737429523177877,0.16794143623671573,0.5099577267756942,68.75880517620243,2.343033762563107,0.19437017858301842,1.921213470385116e-05,0.8056298214169817,8.085930063771965,1.7149920531493117,0.3297640985929739,0.002520335714644116,0.09317870944333109,0.577057191963695,11.753729765040786,1.3660268046727453,0.668405190932513,1.66045340118036,0.86839252620035,0.9985920118952589,1.1477493646057304,0.35692664267493435
369.0,12.975025294757348,0.0,0.09428473003586069,0.8601579330250558,0.2273795432733867,0.16860131728965497,0.5097344094010977,68.86920741860318,2.341798198279534,0.19495661991026758,1.9549735299431706e-05,0.8050433800897324,8.0246233497651,1.7042400900529255,0.3317587826009369,0.0039295562150611744,0.09318277178050342,0.5750584456185598,11.759355418262805,1.3644880858040902,0.6681515730230425,1.6618334545409132,0.8758228552121857,0.9985711201116728,1.1507598014916203,0.3497674513470035
370.0,12.975041277983944,0.0,0.09315132851268379,0.9210216844836967,0.22913778638658838,0.15931266376097092,0.5183982213397569,68.96843238644574,2.3559065497152285,0.15173669219320063,2.8055620413491602e-05,0.8482633078067994,7.741060682524335,1.5691629248920513,0.29856613179960323,0.003982696567432352,0.0932096489744939,0.6082242192259029,11.908086513189298,1.4246698771905062,0.6669983508631141,1.70215923497131,0.8748790301850539,0.997221227570662,1.1612377440316144,0.3545173851136832
371.0,12.975060901104158,0.0,0.09237552623953067,0.8822440115847876,0.22922465841603917,0.16232932664109373,0.5160704887033364,69.2781125040898,2.3629231096393086,0.14787477890270065,2.727424443885803e-05,0.8521252210972994,7.764510618978818,1.6120637558766129,0.30516739851174024,0.004352455006704302,0.09322493073279814,0.6016076707554616,11.93669106120877,1.4193347357895933,0.6645995489359371,1.7292081993635822,0.8565942665047591,0.9971983060626954,1.1601150777165874,0.3467128911628483
372.0,12.975087755934828,0.0,0.09106220450206058,0.9350056733325205,0.22996550690298564,0.15205613807038482,0.5269161505245691,68.9302764957799,2.3573229111390575,0.1434696619852685,3.361147407444932e-05,0.8565303380147316,7.668580779802799,1.5075494458917493,0.2795677750575012,0.006089038427032871,0.09319788827654579,0.627234336665953,12.01002923433024,1.4693794532859803,0.6639504321654635,1.6313832176245813,0.8984040470981062,0.997286818133901,1.168372133342039,0.37973813373792614
373.0,12.97508879430939,0.0,0.09259181067601698,0.8967448965893612,0.2288772454162239,0.15767859806287493,0.5208523458448842,68.91929869267939,2.348341321756447,0.15924289243707695,2.8609902028017455e-05,0.840757107562923,7.850959519545178,1.5584324587581542,0.2737268990179505,0.003183260981072347,0.0931825868973798,0.6330905140846697,11.923996139803586,1.4404457333837744,0.6643833711448095,1.778001478128309,0.8797247761625037,0.9980577235854906,1.1548711356974775,0.32989782515107596
374.0,12.975095893109229,0.0,0.09325762034885875,0.9213888958594147,0.2295384680692115,0.15817865528623945,0.5190252562956904,69.16504362567468,2.357168685854366,0.1538782887966265,3.134717707082423e-05,0.8461217112033735,7.726388002411033,1.5638753441748101,0.3074283301080536,0.004381910688375959,0.09318743089689902,0.5993842389950473,11.915625648156439,1.4337585613725972,0.6668787032743253,1.7143998412836063,0.9123571946117335,0.997419086460988,1.1617222920445496,0.3580119501185146
375.0,12.975096393247794,0.0,0.09183422849668454,0.936966510606652,0.2301429403345486,0.15615455932105946,0.5218682718477073,69.1022164702411,2.355046629827394,0.1467374775857185,3.116146562097694e-05,0.8532625224142815,7.666289274553915,1.5724469349648107,0.3011103369352544,0.003013548700845939,0.0932015564854576,0.6056881065792881,11.94076124174805,1.4291476214680607,0.6662460353903166,1.6598437579231735,0.9181263460138307,0.9973370009442417,1.1649945819937577,0.34211887763188625
376.0,12.975097078201866,0.0,0.09039299372201853,0.9117009526456218,0.22928348718199448,0.15791147373329062,0.5224120453626964,68.8436791485396,2.35241580463286,0.1579622498833138,2.7952794290948558e-05,0.8420377501166862,7.776074870898017,1.572534511741337,0.3003535708563878,0.0039010353782848017,0.09319387194913992,0.6064525571944723,11.921920085245409,1.4323073759650706,0.6661111733798498,1.6814316357684596,0.8783737856017413,0.9976606584464675,1.160274150709981,0.3688739323635924
377.0,12.975100083810577,0.0,0.09173958128478826,0.9259155772354339,0.2295170845377577,0.1618153730729936,0.5169279611044604,69.18167044547947,2.3570267210890026,0.14853784139885667,3.1637194257291455e-05,0.8514621586011433,7.693052397988524,1.53625629266763,0.29383213487737353,0.0057033127127217535,0.09320608856059634,0.6129617765620301,11.98828899482604,1.4460193500109206,0.6647245766123114,1.7407959738652385,0.9043643465412881,0.996586596452468,1.16623743931155,0.33332359326937083
378.0,12.975101951843396,0.0,0.09225040486984121,0.8436356482825133,0.22547441203078444,0.17269760961194697,0.5095775734874274,68.2295080333895,2.3103103056301215,0.2198918518362211,9.720980507042629e-06,0.7801081481637788,8.417845462732021,1.8384136660602022,0.3370122513127109,0.0005056285268626697,0.09313598760413891,0.5698517610831502,11.637736136287234,1.3240739364046257,0.6684728828733185,1.702783217445759,0.8354771682713438,0.9996328272322365,1.139391187991685,0.3654791172284955
379.0,12.975111860020254,0.0,0.09133462455915718,0.8999641175917847,0.2294564528125353,0.15518530212635584,0.5240236205019516,68.93950623376736,2.351375513658842,0.1591260219201959,2.9468937101728853e-05,0.8408739780798041,7.806128312360988,1.558226188108089,0.27941014018967936,0.0033019088936806482,0.09318166463093241,0.6274081951793883,11.932290353370693,1.4437019470216261,0.6647621936705457,1.7590123469786025,0.8911855615996847,0.9982157670930516,1.155444120708816,0.3453169267000383
380.0,12.97511202465227,0.0,0.09078428462063888,0.902259658989625,0.22902860989894555,0.1565597225061211,0.5236273829742946,68.99340756817742,2.3476298178511312,0.15873104322815806,2.8998239016976996e-05,0.841268956771842,7.774259685428253,1.5737986688391499,0.2901417206024533,0.003365723614929709,0.09316349881456899,0.6166947805829778,11.922468725148157,1.43136872584891,0.6659422605495804,1.752063606058278,0.8813852542361048,0.9979210151679943,1.1574498497205128,0.36158751794021776
381.0,12.975114530180491,0.0,0.09098228150347068,0.9075826845446958,0.22908011951525845,0.15882116795543694,0.5211164310258339,68.82998648069574,2.3508277432978395,0.16365251457310334,2.7220599915034852e-05,0.8363474854268966,7.833772245195254,1.571345876649676,0.28991380324378524,0.003972532750213731,0.09318366504406884,0.6169025317121459,11.886768229674791,1.4294848275200132,0.6658583202504169,1.7200193176826168,0.8768522921248305,0.9977503724712419,1.1560896764148918,0.3610455009860509
382.0,12.9751218018757,0.0,0.09357205289603468,0.9183179254691141,0.22916836305662255,0.15477176950423294,0.5224878145431099,69.09967884584898,2.3576084318209345,0.15123015948625299,2.9711831992030392e-05,0.848769840513747,7.710800728103765,1.5734420927539068,0.301765628351446,0.003952563792618585,0.09320468639220417,0.6050296852563498,11.925881205334028,1.4285432527561754,0.6674034543947833,1.7009712750552934,0.896279374637472,0.9974882352864975,1.1593440672074091,0.36059679194681404
383.0,12.975130422880918,0.0,0.09362889223923254,0.8854850926135296,0.22904884841472936,0.1550684481572172,0.5222538111888209,69.07478736245098,2.3563456933856664,0.165053641383228,2.92220988002012e-05,0.834946358616772,7.81288310767092,1.5981483786138788,0.2969779577294287,0.002004295942366132,0.09318942907168933,0.6098326131988819,11.9357437981093,1.4273640212105567,0.665641240186822,1.7463785276974497,0.8826334374685116,0.9977150029824038,1.1505493549483057,0.3516238543389811
384.0,12.975148896003615,0.0,0.09255907169626744,0.8933087610642982,0.2288301551793457,0.16038272424964467,0.5182280488747423,68.88309935464582,2.352616185334213,0.17335881390218125,2.5965959107005153e-05,0.8266411860978188,7.851162650581309,1.6158131786752725,0.3115081159469697,0.0030813507645670027,0.09318795407953015,0.5953039299735001,11.876494498909773,1.410847597799639,0.6668850028135926,1.715677777887668,0.8923308165767295,0.9978832809029405,1.154273244233238,0.3560830381547061
385.0,12.97514944888188,0.0,0.08506031461513536,0.9168390311396317,0.2293704767241704,0.16205310524234193,0.5235161034183524,68.67833190392102,2.3401727869769102,0.16407017464950352,2.9939601237645844e-05,0.8359298253504964,7.7674817966915,1.5533870358474826,0.29190721460661945,0.004793426785169894,0.09315787091741702,0.6149349144759636,11.940155015761169,1.4441952820504147,0.6665599665548866,1.6590022641886772,0.8990937608514522,0.9978234669154552,1.1628959111280395,0.3650130336975703
386.0,12.975167968878694,0.0,0.09008724749335602,0.9154779777733337,0.22890481426552114,0.1653655045116312,0.5156424337294917,68.77348706970292,2.351389658469939,0.15645413021048638,2.8077891153222405e-05,0.8435458697895135,7.787930875767541,1.5725032451059477,0.300902281867307,0.0027941178431386796,0.09320474529384533,0.6058929728388478,11.881492450189306,1.4105806163598638,0.6660656598266064,1.727055034965483,0.8734304782630797,0.9971329874656255,1.1619450943107994,0.3272004247622118
387.0,12.975176156190468,0.0,0.09130832909145045,0.9001725172909548,0.22880187642332764,0.1591834587610105,0.5207063357242114,68.96865636141965,2.3517773257512826,0.16688757748163693,2.7937596564657808e-05,0.8331124225183631,7.796930282014641,1.5849325981826965,0.3010281122776405,0.0031861503541094315,0.09318699210666896,0.6057848956156906,11.9083997673508,1.4254027662807818,0.6656786138587872,1.750823703562637,0.8826543974115646,0.9977474030625748,1.156520576832625,0.36546916765071674
388.0,12.975192748211459,0.0,0.09319072418194453,0.8940164507437711,0.22888715696162526,0.15571414703080413,0.5222079718256261,69.1051710039348,2.3545713138087407,0.16246017318841055,2.8655202420734938e-05,0.8375398268115894,7.789447081642772,1.5851110740670662,0.29702248078178567,0.0026634855335364548,0.09317232604481267,0.6098051931734018,11.960645407143002,1.4289620638077882,0.6649133263987261,1.7884692294783184,0.8834012675613712,0.997557213212672,1.1572344189799983,0.351899267456201
389.0,12.975193335382261,0.0,0.090983674326282,0.9414634281948282,0.23005190988557392,0.1600103175605219,0.5189540982276223,69.0595066584533,2.3562985933090435,0.14711496479406774,3.086495004943261e-05,0.8528850352059323,7.676512024820871,1.5603017272599868,0.2983519974060362,0.003614598146114845,0.09320839697136565,0.6084396056225982,11.948569495704827,1.4294142347954872,0.6658139792172066,1.6790241851141452,0.909989843523517,0.9968554534012986,1.1687180750752093,0.33273311933922717
390.0,12.975193744213708,0.0,0.09032673599705339,0.918381878910688,0.22882611698596794,0.16072792550363138,0.5201192215133473,68.92567196485828,2.3422581549864376,0.16463569020067648,2.9061335519096103e-05,0.8353643097993235,7.8168280765481235,1.5919156321539416,0.30743429476876805,0.004090037931119244,0.09315836349571671,0.5994073417355154,11.850496715244258,1.4176319183585264,0.6677810152730235,1.7265846419146864,0.9084445320065593,0.9984970677575605,1.160554643995959,0.3526565862770067
391.0,12.975211599403197,0.0,0.090089060039357,0.9015142637006668,0.2289569804265434,0.15821691123332018,0.5227370483007794,68.89786684973438,2.3460776716217002,0.16227502123283863,2.8458110724450148e-05,0.8377249787671615,7.79341541958104,1.5747158862802002,0.2886687668389882,0.0034315102701501514,0.09316344568415484,0.6181677874768571,11.916312407655077,1.4304065459071804,0.6658404296636142,1.7470756052602885,0.8780910203814383,0.9979461244255159,1.1568672103069786,0.3621043303051762
392.0,12.975227788996785,0.0,0.09395217904935936,0.9251255773076597,0.23023626248776297,0.16576992841967003,0.5100416300432076,69.25857350146816,2.3703806693883687,0.1552813508421996,2.9160586819121685e-05,0.8447186491578004,7.783773428818688,1.556743766805634,0.3103821991949289,0.004946967375984841,0.09320109983560947,0.5964167009694618,11.837206802884188,1.4298599722178973,0.6664982344022264,1.62565385403921,0.9042546160880013,0.9968424323213214,1.1601639836128954,0.37339756655724843
393.0,12.975247914823353,0.0,0.09340576426834873,0.8850845979054639,0.22901725674257695,0.15543850968764197,0.5221384693014324,68.99038411978316,2.3538514839525564,0.16434089734084276,2.8690552097358673e-05,0.8356591026591573,7.798226492667195,1.5993158365233129,0.30137820750585714,0.0025079465843289824,0.09318825824618619,0.6054335342479568,11.952687650821755,1.4280087593661166,0.6657751263367513,1.7205836535906247,0.8847336413574409,0.9977806343492209,1.1516647929385793,0.35443106353096165
394.0,12.97528630847965,0.0,0.09081928774136334,0.9205388249715194,0.2289695117112539,0.161951760893263,0.5182594396541198,68.91299914338254,2.344809911954085,0.16389448266587417,2.8593765699016977e-05,0.8361055173341259,7.816255088149763,1.579323126269327,0.3045273968951334,0.003961690888302336,0.09316773356889194,0.6023048695359747,11.861357260030953,1.424216396111736,0.6677055464837885,1.7312062344088632,0.9032286875476552,0.9981374854678118,1.1600801259869704,0.35607824935570886
395.0,12.975297704705916,0.0,0.09137937625708771,0.9238475307890341,0.2299078723153842,0.15538850697233006,0.5233242444551981,69.06247268570021,2.356872070811452,0.14719370018965547,3.2200731944970654e-05,0.8528062998103445,7.661395072829306,1.5468622698665189,0.30068619052698675,0.004283894195585595,0.0931942402686112,0.6061195692044021,11.958129397568051,1.4401883657545194,0.6658052498030641,1.675082194418517,0.9134061738240522,0.9972018357079446,1.1637475837548734,0.3521663695158117
396.0,12.975303267021538,0.0,0.09457346971253441,0.8665845433933685,0.22892850354883199,0.16045206300880585,0.5160459637298278,69.63398257671685,2.3692512633743807,0.14586833435945054,3.245656776329043e-05,0.8541316656405495,7.730965905790427,1.62599943282241,0.2802820682004339,0.0044034930527602125,0.0932306276853576,0.6264873041142085,11.951881986751083,1.412633599277295,0.6632135523573539,1.7737245208050139,0.8444703374902582,0.9964720163343103,1.1612879778020821,0.32572179370145576
397.0,12.97531206672776,0.0,0.08919966496854782,0.9008531863329922,0.2287805228184102,0.1629345151563488,0.5190852970566933,68.55874199310428,2.34099233017469,0.17381612688601167,2.5390524028013222e-05,0.8261838731139883,7.893739448349223,1.6017042233709424,0.29019962072442124,0.002874617496575848,0.09317128557298629,0.6166290937025924,11.857321430590893,1.4189944251346986,0.6663411619466427,1.6852893136111713,0.8720424417228199,0.9984292051515303,1.1528410150330441,0.3702278013902735
398.0,12.975312320823084,0.0,0.09277309079487464,0.8908916566076537,0.2289358793022091,0.15572963740731005,0.5225613924956062,68.93451928418105,2.3475274469676632,0.1593394494330331,2.861984612631474e-05,0.8406605505669669,7.864244853691993,1.5543221521515072,0.2667644232885316,0.002991387284655516,0.09317791081014791,0.6400576659013204,11.930610477048912,1.4457759328510855,0.6637873051753933,1.7930178199722016,0.8816278448968367,0.998300510941531,1.1531529929745645,0.324623453521532
399.0,12.975340496869489,0.0,0.09306465403665867,0.917574577554573,0.2292020453929578,0.15771725870673925,0.5200160418636444,69.05814967399067,2.3534905856638932,0.1514217199132156,3.14007153453321e-05,0.8485782800867845,7.7479809237123645,1.5471460387791665,0.29795375584680484,0.004046501359954532,0.09319619062329282,0.6088500535299023,11.925350277370669,1.4389725701861893,0.6657890688207282,1.8008677229502688,0.8930833308905566,0.9973520438122644,1.1598003780040747,0.3450878154947403
400.0,12.975357527533621,0.0,0.0917970107491762,0.9136653436161613,0.2289424581759995,0.165753778837179,0.5135067522376453,68.84380250750434,2.352782687408094,0.16146387659364353,2.7024950172415646e-05,0.8385361234063564,7.816744620035927,1.584112041487841,0.3038152352892818,0.0032372566085788696,0.09320767163664784,0.6029770930740704,11.862147194925042,1.4118679304251704,0.6665170126237222,1.7462405076266765,0.8860368531417866,0.9971039990331332,1.1607290464138547,0.3411670819621792
401.0,12.975372175311167,0.0,0.09217473378320262,0.9037504495675415,0.22917186884374974,0.15324534505172288,0.5254080523213247,69.18448900506347,2.3507341103099932,0.15164308721879693,3.007849560203069e-05,0.8483569127812031,7.7359482171226785,1.5719642339570497,0.29308762812938355,0.003234150304488824,0.09316360507539727,0.6137487667952192,11.934781360134314,1.4332930857323696,0.6661459223215127,1.7620396076542568,0.8879737219454377,0.997870796652951,1.1586151285475812,0.3605538932103009
402.0,12.97537741314156,0.0,0.09175303104673707,0.9079327664165497,0.2287293089173724,0.1566711616995195,0.522846498336371,69.06410351881317,2.3604834441424978,0.16007441763240385,2.938578852715741e-05,0.8399255823675962,7.675377281177854,1.5523520334774585,0.28353397210241155,0.004169439195139233,0.09319586601717036,0.6232701618804181,11.949519702601718,1.4258683441020739,0.6669281514151201,1.6883438417350158,0.8824651296560695,0.9974650949443218,1.1579284780317738,0.35670271317581903
403.0,12.975381641110813,0.0,0.09247074707550876,0.9107364951603389,0.22914791097576448,0.15533840963358847,0.5230429323151383,68.97701469796773,2.352128975100132,0.15823058612194102,2.9545960522847958e-05,0.841769413878059,7.738087322083972,1.5799432226914694,0.29973954874475933,0.0036166190977978087,0.09318903522387226,0.6070714160313684,11.949088833160324,1.4310512766302377,0.6662347028794899,1.7490361261443532,0.8991315361941505,0.9977179413524585,1.1586787022296856,0.3608795054207651
404.0,12.97538220349035,0.0,0.0933270736837148,0.8864940494314448,0.22763159947164813,0.1664252265714229,0.5126161002732142,68.8618906484605,2.3475473463212775,0.18420048205530234,2.2560096021177162e-05,0.8157995179446976,7.949632180430523,1.667850833917691,0.3167579636261577,0.0029688954764124573,0.0931869052905912,0.590055131083251,11.825470481949374,1.3815199179636157,0.668236854501648,1.6790787111402619,0.8727091255021091,0.998068699585092,1.1521983122822288,0.351802700907508
405.0,12.975387811821916,0.0,0.09161757132209329,0.9087263144877104,0.22936319878038558,0.15393951563166128,0.5250797142658599,69.10967405382172,2.3506590205547555,0.1526111583590894,3.0505896872393762e-05,0.8473888416409106,7.7491987769945485,1.5671922013807733,0.2971746139809456,0.00347526304784303,0.09316701343607982,0.6096583725829746,11.91161268396893,1.435725286987001,0.6662336663126242,1.757537312891765,0.898893758795416,0.998061092864768,1.1586672769263262,0.3631139633402099
406.0,12.97541523688881,0.0,0.09189441119542358,0.913420921215578,0.2292227528120724,0.15703251245850497,0.5218503235339991,68.91852683203453,2.355102588137849,0.15742705257421452,2.8604671690678032e-05,0.8425729474257855,7.768950383090369,1.5591167248529638,0.29191250019965376,0.003991813348033741,0.09319320332002272,0.6148942964803236,11.916320866887288,1.4338861994781562,0.6660447812594438,1.7127890645541997,0.8800438561676855,0.9976037520903087,1.1580179898141703,0.36396882144540676
407.0,12.975416290494302,0.0,0.09040212485941196,0.9124322787783958,0.22931587863405395,0.1557000935236315,0.5245819029829025,68.9177664100461,2.353012332218429,0.1588097753929371,2.986138039514193e-05,0.8411902246070628,7.7344084258754995,1.5584045444772925,0.2972064997726095,0.004191206898587884,0.09318190082551792,0.6096115994018727,11.949569307763104,1.439231684956353,0.6661248252554546,1.6820589593421311,0.8882532285512916,0.9975770374220505,1.1603011022463696,0.3688411551609019
408.0,12.97541768927666,0.0,0.09768617147238884,0.9215790407149604,0.2296952319716415,0.15147444833884025,0.5211441482171294,69.43365042819951,2.3573916062162708,0.1501979902237178,3.291513119119365e-05,0.8498020097762822,7.571470888911362,1.5760691371457076,0.3179780392363612,0.0031233215809505655,0.09318451825376328,0.5888374425098755,11.994579299642535,1.426591433896659,0.6682183194318105,1.7239288965007473,0.94889005219069,0.9970322038109681,1.1632165438541335,0.3322231670997384
409.0,12.975441051652531,0.0,0.09099664221867557,0.9031402510254124,0.22897420201084256,0.1569525352288841,0.5230766205415978,68.82770254108995,2.3531620029396203,0.15659036986354372,2.8529816525525888e-05,0.8434096301364563,7.734483935375944,1.5703043702921151,0.29287127187954604,0.0046271577359416885,0.09319915754873886,0.6139295705717152,11.939173623153422,1.4301317009069512,0.6659456302843025,1.6552344264507155,0.8811452131503162,0.9977461019337661,1.1581162157165605,0.36343452374104845
410.0,12.975448144435353,0.0,0.09072225761476409,0.9214352448132189,0.2294919109804628,0.15797599901342269,0.5218098323913505,68.87910327843198,2.352222146828812,0.15960012599589504,2.984865048040001e-05,0.840399874004105,7.813907732943154,1.5604945169090103,0.28742938388906725,0.003555994027404701,0.09318637807372805,0.6193842380372047,11.914490850142716,1.4410702402038933,0.6657883253763883,1.7062856307481988,0.8980015058019238,0.9972909488593928,1.161605308990398,0.3638377671132283
411.0,12.975484893113435,0.0,0.0944211621869827,0.9343306105559128,0.22896571527858564,0.15516580430515714,0.5214473182292745,69.14714372587648,2.3571379817291067,0.14857402737207856,3.165246546884798e-05,0.8514259726279214,7.596494329197265,1.5024619283527616,0.3080116475981854,0.0063558698023773634,0.0931985515951858,0.5987898008066288,12.006059258988572,1.444059906094922,0.6668014844016117,1.7233566939589346,0.9203344883739026,0.9965870416390266,1.1659241238278824,0.3358367668639833
412.0,12.975492079124923,0.0,0.09159570719119979,0.8950612188419632,0.2296959640383149,0.15407704962702376,0.5246312791434616,68.96478298572801,2.3540247989755314,0.15797217376664424,2.9533498706620284e-05,0.8420278262333557,7.793138804213335,1.5461863453809905,0.2698619829203127,0.003148141887259608,0.09317762741090031,0.636960389668787,11.952973012868142,1.4511964311262797,0.6637542883433052,1.7455637351297133,0.88951184375665,0.9982335072414819,1.153692715618969,0.3430055628891502
413.0,12.97550009045363,0.0,0.09170336457236859,0.9375494854162201,0.22949801337104034,0.1570487050204961,0.5217499170360951,68.9045171124911,2.3525853695540895,0.16240207850249772,3.065866859242615e-05,0.8375979214975022,7.8031123113666245,1.5516433328839598,0.2835963259809718,0.0037903436587845537,0.09318496510143874,0.6232187089175895,11.921447599850442,1.4461707676517834,0.6669753992773046,1.628262037737858,0.9162495470524354,0.9966555623899351,1.1662569372165195,0.37279838199035403
414.0,12.975520024514584,0.0,0.09412755720277806,0.8898489194782506,0.22782544456299325,0.1633414550124857,0.5147055432217431,68.971220750047,2.345639842251655,0.18553266450232034,2.4327761000995177e-05,0.8144673354976797,8.003125481613175,1.6649956265060282,0.3240970800384241,0.0032175973487476887,0.09317586407188314,0.5827270558896929,11.813662220540529,1.3896007927781873,0.6673588212306293,1.6971086793234729,0.8895132483414036,0.9982664293753694,1.1539268549264787,0.34994346624459033
415.0,12.975549577254188,0.0,0.0924069257696073,0.9044661860787582,0.22885878392455472,0.15816865645006334,0.5205656338557746,68.87491038291593,2.350788879125282,0.16573814998830247,2.6332124140523102e-05,0.8342618500116976,7.809447268279044,1.6081726966462568,0.30680570394905615,0.0034506735193076663,0.09318844508212874,0.6000058509688152,11.882631718007627,1.4152074264025367,0.6669864743368246,1.6988784182291063,0.8877542613141318,0.998150026623227,1.1559343160586095,0.36853361259788026
416.0,12.975569713261002,0.0,0.09126289426515188,0.9178842188655885,0.2292508560853325,0.15757722151635187,0.5219090281331638,69.01017608227039,2.3537862876887328,0.15387162039340796,3.0314988488565654e-05,0.8461283796065919,7.7270375271005065,1.5622315005429668,0.30073568240248383,0.004039775056830284,0.09319344689535562,0.6060708707021605,11.935511820928669,1.4330730082677177,0.6662722943441655,1.741851009504869,0.8984264731001319,0.9975097075435809,1.1602616659693983,0.3522090281984976
417.0,12.975571704783112,0.0,0.09336276851689991,0.8997651927469148,0.2292644214319095,0.14907144787540075,0.5283013621757898,69.13838078382413,2.3568013852763743,0.16183408713567612,2.934467920252463e-05,0.838165912864324,7.7507929597149055,1.5896846509694147,0.3037702681953099,0.0035816518050538243,0.09317709464916378,0.6030526371555264,11.938590189580523,1.4303650558730205,0.667249151504802,1.7177271607528395,0.901667673955616,0.9984053722061879,1.1557706624458224,0.37167506756277546
418.0,12.975595006289016,0.0,0.09067888307710738,0.9143158596767937,0.22950295247956437,0.1574653274302883,0.5223528370130399,69.03595770035317,2.356873367003899,0.15084541189643816,3.0399139872819393e-05,0.8491545881035618,7.721496361137941,1.539175101117097,0.28791577718640615,0.005151505570209069,0.09319673921430603,0.6188874835992878,11.947412489231592,1.4431864992792691,0.6656073746128701,1.7246917115936355,0.8774564614546276,0.9971178922739262,1.1621016999527263,0.35452998096165333
419.0,12.975597687832913,0.0,0.09247599037899144,0.9291579267126672,0.2293771834421633,0.15860025382095955,0.5195465723578857,68.95535350978157,2.3558998894873673,0.15071140619953033,3.0789063852182784e-05,0.8492885938004697,7.686935913262688,1.5305422710946477,0.294210196364505,0.004995148227178473,0.09321020937995743,0.6125795942555377,11.951497784527517,1.4396373856644886,0.6661467644740062,1.7333634643995097,0.8977523059060541,0.9969535700370754,1.164021993480345,0.342947075525218
420.0,12.975605923956655,0.0,0.0913154400886539,0.9207586155182789,0.22898095245432873,0.16527016056609958,0.5144334468909179,68.90211087534341,2.353040160200026,0.1614495202251654,2.9039171827998374e-05,0.8385504797748345,7.7514851355764876,1.5655430055915511,0.30075906087727505,0.0041889146370979805,0.09320733971185632,0.6060335994108687,11.860864616019834,1.409492940547001,0.6673959134685463,1.7326989958603276,0.8816036759616004,0.9968909168645687,1.1620308205245238,0.3339090595212317
421.0,12.975609604064603,0.0,0.08944494130383356,0.9112429915306353,0.22890625161131783,0.15643881684985836,0.5252099902349903,68.83668685244643,2.3462815075468075,0.1595174301590004,2.9270545296278573e-05,0.8404825698409997,7.781435672237601,1.574326612383105,0.29296411011978774,0.0035910580830805254,0.09316887557290689,0.6138670143073054,11.904333243790218,1.4310774104442672,0.6663421507874807,1.715823887421763,0.8872987515035605,0.9983028278173551,1.1560873249780554,0.3723247648845682
422.0,12.975611201883074,0.0,0.09044104319400384,0.9104945790671055,0.22902003091495027,0.15736918561971325,0.5231697402713327,68.68375824066145,2.344463915596277,0.16367971470271808,2.8446941467367592e-05,0.836320285297282,7.8056890670046855,1.5955145778753899,0.28182492446856955,0.0033340141195537226,0.09317464905802027,0.6250004264734103,11.910489112898151,1.4256650103208663,0.6664912182297598,1.65155389194222,0.87134982578626,0.9982676077853856,1.1544048375456573,0.37698740358249117
423.0,12.975636449197204,0.0,0.08547394968537328,0.9144883191724968,0.2286098550734529,0.15117747021250386,0.53473872502867,68.7505484142077,2.3437573001772547,0.14964111744467729,3.0035384988501066e-05,0.8503588825553228,7.760534269321415,1.5501520721348991,0.27047797245811595,0.00354954430189902,0.09314732313031021,0.6363747044115738,11.914194004422415,1.443173323831234,0.6652730836691777,1.6992801186384194,0.86083000546892,0.9988113570067756,1.1517433777952277,0.40779267257250007
424.0,12.975675401802496,0.0,0.09166846391204757,0.8983677663716588,0.22936977700941633,0.1554625013122495,0.5234992577662867,69.11908502746817,2.3545509760534156,0.15393891939665869,3.0243980775508112e-05,0.8460610806033413,7.764681667876914,1.5795101582642534,0.2902787363928145,0.0036420453640915833,0.09317957413583147,0.616541689471354,11.917873489863737,1.4323006339019018,0.665275519373942,1.7531064236758658,0.8832620072270521,0.9978285138536549,1.158217517440767,0.36231751137462687
425.0,12.975684234869885,0.0,0.08954855861721862,0.9073418807859526,0.22916275671471797,0.15888244862508227,0.5224062360429811,68.71687329956742,2.348293452557667,0.16235907540369937,2.867478319838967e-05,0.8376409245963007,7.777477474290656,1.5675061299048094,0.28605611121562136,0.004095692671651142,0.09318825050039757,0.6207556382839811,11.92066208965689,1.4339011336792187,0.6655330375504661,1.6702503912197157,0.8729971377823086,0.997680197096213,1.1579215195207953,0.37216705325972754
426.0,12.975695481548518,0.0,0.09110338433642473,0.917626274330557,0.22925515801929358,0.16352243373971365,0.516119023904568,68.9139122405074,2.3551691311640237,0.15764313031265786,2.8914165810922045e-05,0.8423568696873421,7.77376729556514,1.5648723444942405,0.30122364475675845,0.003848670646874718,0.09320357142332687,0.6055727838199146,11.897222059637867,1.424160368547108,0.666315996202747,1.7311055279182685,0.8893074240294611,0.9971373377612487,1.1617461618755607,0.3456176730577357
427.0,12.975701286755381,0.0,0.09489543046615859,0.8864009309226953,0.22729954413637787,0.16617288348729106,0.5116321419101725,68.9971817787308,2.3442891024992587,0.19867755053494204,2.218669048748404e-05,0.8013224494650579,8.079208462647173,1.718277210379965,0.34928217054866084,0.003234765532585359,0.09317250265913479,0.5575453267922045,11.758495260909001,1.3641783224753934,0.6688465462735391,1.6566622799210546,0.8944074844308536,0.9983707822703088,1.1534547145409793,0.35996628679134746
428.0,12.97570989844851,0.0,0.09271043427648065,0.8996544418996673,0.22899511694472446,0.16369980366363301,0.514594645115162,69.07256914263385,2.3547193728365095,0.16438414989113603,3.1263776707351114e-05,0.835615850108864,7.81806259580247,1.5837301203656353,0.3103439731543225,0.0036350816684171915,0.09318236572676614,0.5964736611189113,11.922576014214355,1.4326723276273943,0.6669376806201143,1.7827869005197416,0.8952528419989034,0.9963851565925608,1.1551912511401925,0.362228508813147
429.0,12.975711208655984,0.0,0.09316294001600914,0.9059713065480464,0.2291925658547686,0.156528616518101,0.5211158776111212,69.02160524831191,2.3540973638818423,0.1597049100179146,2.8534518216812244e-05,0.8402950899820854,7.775497762716469,1.5819194499766747,0.2970319126219053,0.003247181465814434,0.09318495852880407,0.6097831288492906,11.918190298828472,1.427017685716311,0.6663697565109931,1.7468320434430462,0.8842325256944656,0.9978104250631487,1.1565473780013125,0.3565738694292816
430.0,12.975726238060746,0.0,0.08865051272356772,0.9030697173457716,0.22860097590552486,0.16331001480080343,0.519438496570104,68.6736926184837,2.3423674710365163,0.17003277354871604,2.6301438842105163e-05,0.829967226451284,7.856886697189486,1.5913752794381222,0.28690298383669444,0.0031574548572570827,0.09317328191994924,0.6199237342433563,11.885111536713001,1.4212255377003689,0.6662080287528278,1.7285486391272622,0.867265849319187,0.9980596065102281,1.155012861573177,0.3635620231177402
431.0,12.975757245361956,0.0,0.09345214601744484,0.8784676977377205,0.22938742283335095,0.15341745777948765,0.5237429733697166,69.02988596809128,2.352831598127217,0.16344081755749654,2.8730157994066856e-05,0.8365591824425035,7.857008131770822,1.5561817412033208,0.2683854646173169,0.0025038689395518233,0.09316980919122031,0.6384447261914628,11.951802176967584,1.4518455449288332,0.6636680337924408,1.7986104975232897,0.8910312323597622,0.9986449090598203,1.149074041499676,0.3291531319919444
432.0,12.975782073485153,0.0,0.0925965944357552,0.9102116707930393,0.22900234635453445,0.15589207007020914,0.5225089891395013,69.01014939876781,2.352076612887058,0.15745841478917624,3.0001047660956432e-05,0.8425415852108238,7.714874045898734,1.5754620493902252,0.30177364927009526,0.003889619019951475,0.09319023886041798,0.6050361118694867,11.957630154400563,1.4305807725115598,0.6666457113465485,1.7554676196354428,0.8964989105546146,0.9975326588081267,1.160306506710651,0.3576988911593393
433.0,12.975784092613075,0.0,0.09286412311273799,0.9234167044504206,0.22987925263250242,0.16184485839388174,0.5154117658608779,69.094400059477,2.3610556048958413,0.15444478023528652,2.9967341453670707e-05,0.8455552197647135,7.734117124765323,1.5555819485760967,0.3071810013198812,0.004574083357597956,0.09319732911761604,0.5996216695625027,11.88735664064004,1.4337810037490706,0.6666051228957279,1.6524500771891946,0.9076057331886206,0.9970703296351113,1.1608227294065452,0.3686486439212764
434.0,12.975791928565208,0.0,0.09219912002289667,0.8973541718497664,0.22885777076586966,0.15810863301076888,0.5208344762004647,68.81656350456763,2.3504523396328456,0.16870477647581067,2.556317391954526e-05,0.8312952235241893,7.86877363602637,1.6053150505726508,0.29933845371476786,0.002780919206554197,0.09317452778247536,0.6074870185027568,11.869801464475191,1.4176942440725984,0.6664265764411038,1.6996219155959738,0.8764592843063583,0.9983614846026705,1.1531056283513739,0.372112914578051
435.0,12.975800496552361,0.0,0.08976631567066921,0.8993207107819148,0.228618622328251,0.16122758912125046,0.5203874728798293,68.72461784714504,2.34611650302686,0.1704042242072131,2.6765089888521335e-05,0.8295957757927869,7.845604470479302,1.593016574209645,0.29066182772809523,0.0031561881351340436,0.09317197036983381,0.6161662019020709,11.88555981374288,1.418072704928224,0.6660650959865317,1.674657932085145,0.864623774093535,0.9979936240749592,1.156006400998065,0.3672472517760167
436.0,12.975801646447014,0.0,0.08928286246354616,0.9125284150519044,0.2293454138049849,0.156948891303167,0.524422832428302,68.85059920460124,2.3525878145186088,0.159071094450782,2.983359209018196e-05,0.840928905549218,7.744142419998633,1.5589673012492864,0.2888871270609998,0.004411163502280406,0.09318547872246741,0.6179273942165329,11.941910392800903,1.4387596543042587,0.6656235556153691,1.667792242620998,0.8777252688282475,0.9975358799186627,1.1595701581303297,0.37114684800653247
437.0,12.97580214947267,0.0,0.09006236229867415,0.9349755051686583,0.22993462743173754,0.15719338991244192,0.5228096203571465,68.94228085201875,2.354253844665073,0.15016907046639316,3.100252508492368e-05,0.8498309295336068,7.6951292010798955,1.5571785821756081,0.2897139804498292,0.0039378641649262785,0.09320417253426282,0.6170818470159081,11.935751287313959,1.4361099107214286,0.6652061576922597,1.6655092453506575,0.9015594401539504,0.9974018141072032,1.1633695338368655,0.3523576999061049
438.0,12.975819907143073,0.0,0.0925899917799562,0.9118120558051579,0.2289893304020326,0.1575076187196875,0.5209130590983236,69.01066540017857,2.353179560480351,0.1694946909547248,2.9931908085114688e-05,0.8305053090452752,7.844227004260467,1.58174364828206,0.3063385807673993,0.0042200084531591985,0.09318567696343502,0.6004757422691658,11.909492224393496,1.4283187871449508,0.6657569048848698,1.7196278734057642,0.9030870233992585,0.9977602982415206,1.1601234264190534,0.3524879325391238
439.0,12.975820165423025,0.0,0.09230629628813553,0.8995575723477991,0.2287009961601669,0.15754065481485763,0.52145205273684,68.94904568550074,2.3524942220858844,0.15911436905872,3.1029514996774125e-05,0.84088563094128,7.638716800941765,1.5695827251338765,0.2941339875336698,0.002897449138027263,0.09317744929773888,0.6126885631685913,11.98054450384756,1.4241838177475956,0.666155986831371,1.7785569686637497,0.936557690946999,0.9975963897164333,1.1582481654505299,0.3665256433679863
440.0,12.975825008193006,0.0,0.09483296407435136,0.9127180151756538,0.22871292258794063,0.16286216479948862,0.5135919485382193,69.18827449655882,2.361207984292632,0.150852947321593,3.051367217309059e-05,0.8491470526784071,7.732039947570028,1.5665939832457945,0.3087019566859551,0.002956738372636943,0.09322471644465091,0.5980733268693941,11.962506802826217,1.4218375836914792,0.6665442916947393,1.8138179386531177,0.8862858754154075,0.9963057618469578,1.1622836106261898,0.31460997247335815
441.0,12.975828322691111,0.0,0.0936715364027297,0.9406055309318561,0.22860808992449239,0.1670301475419934,0.5106902261307845,69.14475184628056,2.355002808443324,0.14080508931470231,3.162146923366372e-05,0.8591949106852977,7.667452413079218,1.5387226201135076,0.3077940138942292,0.004476711071140175,0.09324221342386761,0.5989637726819032,11.945749800537847,1.422430493143174,0.6671459959315574,1.8735692666311947,0.8950535166902424,0.9958760449836805,1.1699063058848582,0.2941485076576279
442.0,12.975831448791013,0.0,0.09319607773887587,0.8772340966503365,0.2290726917028413,0.15118206254432537,0.5265491680139576,68.97003399768494,2.3456284057938355,0.15956474909026414,2.8643049022341735e-05,0.8404352509097359,7.895243966701228,1.5447314367359977,0.2505186465865542,0.0025436819930162446,0.0931669999399402,0.6563143534735056,11.94604393062134,1.458213064941478,0.6623964845800888,1.8280559509412848,0.8860683386102803,0.9988670147722921,1.149143993287768,0.3123165863859295
443.0,12.97583963330657,0.0,0.09364016569406301,0.9217032862980337,0.22877772215733808,0.16105660863368046,0.5165255035149185,69.02758031673973,2.357143384349825,0.1549644918750873,2.9299094482501855e-05,0.8450355081249128,7.7301041501377075,1.5471909468797018,0.3069880647066442,0.004683818934818994,0.09320452101090974,0.599807414282446,11.93529392743919,1.4284049024211105,0.6665600527689052,1.7278190337192578,0.8918317184414417,0.9968916046839055,1.1631698497414311,0.34194587469621146
444.0,12.975843428049785,0.0,0.09149137287117005,0.9189340127853577,0.22920529739652806,0.16370786244821753,0.5155954672840843,68.94128260324136,2.355708445868633,0.1535840842874014,2.9044834994446953e-05,0.8464159157125986,7.752951093169884,1.5541233412354005,0.29869842884396625,0.004068799964942058,0.09321047355500628,0.6080910976010274,11.924310037408084,1.42919749120317,0.6658498821820142,1.7539888526742322,0.8944792618996456,0.9967401292676262,1.1629315962346998,0.3363077531058329
445.0,12.975845535319547,0.0,0.0920646444353802,0.9067198876029671,0.22898895098114924,0.16083700385642236,0.5181094007270481,68.80560535894973,2.3477189192076398,0.16861715407792938,2.635387701204059e-05,0.8313828459220707,7.827666834265103,1.603771646183054,0.3040402690109037,0.0034085920474189184,0.09318580961541603,0.6027739213736804,11.882021799326763,1.415545456411713,0.6672167587292456,1.717548890636703,0.8845571234044572,0.9980491032445891,1.157077715967811,0.3617101412085345
446.0,12.97585844465256,0.0,0.09182972790883571,0.932255727731726,0.22896731222231523,0.16544058104818923,0.5137623788206599,68.89812491763284,2.3548703769202244,0.1460430623292993,2.8875218615979463e-05,0.8539569376707007,7.717633718994749,1.5637078392547241,0.3038141448569369,0.0037703347058096574,0.09323266137939572,0.6029531937636674,11.898229233719173,1.4157229689369395,0.6671187011293476,1.7331911071611037,0.8861275684205601,0.996510335308423,1.165553630926299,0.3316754096428907
447.0,12.975866797070417,0.0,0.09141135877186764,0.9081267725191708,0.22961556240513,0.15893395813719452,0.5200391206858078,68.95858787501047,2.355712850949476,0.15907813516517252,2.714354641903075e-05,0.8409218648348276,7.824924609354651,1.5876129624513677,0.2987146861610429,0.0032688581253921202,0.09319656586591889,0.6080887479730382,11.878469804074015,1.423560803623632,0.6660978444679555,1.7016668611188968,0.8914659843702563,0.997530695059224,1.1553433784841105,0.3441729746638373
448.0,12.97591508675811,0.0,0.0915123659664837,0.9215104794190445,0.2296063246572922,0.16155914733012935,0.5173221620460947,69.01113193692672,2.351206569953889,0.15620538799583347,3.084593130838948e-05,0.8437946120041666,7.683787896554982,1.5507810632727304,0.30367339264487564,0.0036754208152798874,0.09318824839377342,0.6031383589613509,11.955498343911477,1.435048323839503,0.6663381929256266,1.7545561206006242,0.916899378507816,0.9971748487896217,1.1633437313124508,0.33435562349898373
449.0,12.975916013558663,0.0,0.0912289256072843,0.9118190093379721,0.22926866321697104,0.15465673580841488,0.5248456753673298,68.93354196173644,2.3550029214594046,0.14874881746576327,2.9101804344932393e-05,0.8512511825342368,7.723084393037496,1.5620126298896715,0.2926030775569825,0.004446683985164362,0.09321348736791119,0.6141834350751063,11.972148800287368,1.4363618347930505,0.6659989206515491,1.7173623509585,0.883993204307936,0.9965894284009873,1.1604564347952266,0.33860353911949087
450.0,12.975926311183244,0.0,0.09345900305419781,0.9101304512589575,0.22923873628915906,0.149657899064226,0.5276443615924172,69.38047203442683,2.352863649682982,0.14175586143393673,3.251604357761733e-05,0.8582441385660633,7.651988972899834,1.54861190438841,0.28806966187053495,0.0035187407876082722,0.09316175174251777,0.6187685863869473,11.973104900830522,1.4416775789211198,0.6658174446704164,1.7869640807015714,0.8929559955028936,0.9975308852222923,1.1613584208178498,0.3563989512813723
451.0,12.975937624955673,0.0,0.09397574291723136,0.9166462214851174,0.22928750570774004,0.15535910609398168,0.5213776452810469,68.93910873212451,2.3548257769823433,0.15590527099420082,2.9075600098624054e-05,0.8440947290057992,7.772669226060282,1.5505280082500195,0.2851427062137303,0.004539226601280165,0.09318909254271002,0.6216682012435597,11.967302235207072,1.4447491609495338,0.6648621557765467,1.7536227194858867,0.8937701101592502,0.9973598564666248,1.1615653395368457,0.3570990988861402
452.0,12.975946415413619,0.0,0.0912137005484072,0.8893753405340378,0.22955833269111364,0.16027385371661954,0.5189541130438596,69.2382828687974,2.360204554179442,0.1520883758797755,2.9979970663563184e-05,0.8479116241202245,7.749773113226535,1.6266121555040969,0.2899699529665589,0.0037563511778597016,0.09319853791532821,0.6168315091181129,11.927566385384775,1.4108660081209725,0.6642142321481762,1.7128760984965425,0.8737534792641715,0.9970929547699493,1.1619751930064475,0.3471241645019655
453.0,12.975948087930675,0.0,0.09131069757237838,0.9118111685295477,0.22918958284334606,0.15665760893079977,0.5228421106534757,68.96466955047131,2.359547035012273,0.159732972725336,2.937812408619051e-05,0.840267027274664,7.70005214396269,1.5541450886601393,0.28583856486794956,0.004183376351570465,0.09319933525990419,0.6209620998721463,11.930604616003922,1.4291073271545818,0.6662482786982336,1.6658851210464287,0.8878785968334894,0.9976220482708189,1.1574761648243754,0.3607016564180152
454.0,12.975957285761664,0.0,0.09230686709039596,0.9344626478486651,0.2284587100865576,0.16728500278973743,0.511949420033309,69.15942062921157,2.359544593062523,0.15208771390174575,3.0111278174909428e-05,0.8479122860982543,7.752560162278028,1.558865258838963,0.3048869769211327,0.004087868199865181,0.09322413081702699,0.6018888922618404,11.879163707833923,1.4100847011534885,0.6666491659374242,1.8184066285300873,0.8879705735226049,0.9962584892784605,1.1664886124765412,0.31335137561233817
455.0,12.975985881000502,0.0,0.09132568303139182,0.9114972025474436,0.2292429334504481,0.15639349576668798,0.5230378877514721,69.0171733213643,2.352549837563783,0.15383852810717896,2.9689228834234832e-05,0.846161471892821,7.752399315801778,1.567747783008999,0.2928874882540009,0.0035826494307330515,0.09318592792417453,0.6139265838218245,11.937099278043684,1.4342526191902538,0.6661000761085585,1.757572552820141,0.8850137354428671,0.9975565255979802,1.1583710033017225,0.35238916848865476
456.0,12.976013513643796,0.0,0.09162413461370758,0.9251360377166602,0.22953486350095453,0.1619199678224548,0.5169210340628831,69.10346500574657,2.3561198244174393,0.15012466779512065,3.1094578758129316e-05,0.8498753322048794,7.709876859327768,1.5409687698276706,0.29282656248889904,0.005316396275507011,0.09320312692369363,0.6139703105874073,11.968595121320122,1.444203174800764,0.6650860921353888,1.7286451399901117,0.899956693994654,0.9967025433481626,1.164502573876994,0.3439451608207271
457.0,12.976019274451275,0.0,0.0928035342890265,0.9291955933461424,0.22906678043999523,0.15887590567811985,0.5192537795928585,69.08996210502919,2.357683116399042,0.14677161615723328,3.212997469008224e-05,0.8532283838427668,7.656984050019092,1.5163593802312212,0.29653689580254317,0.005835417173498661,0.09321192496161249,0.6102511792358444,11.967841269626303,1.4410463902936228,0.6658726274818527,1.7363245711453783,0.8929634650138258,0.9965315793286109,1.1658558035324442,0.3368235268755194
458.0,12.976034706170447,0.0,0.09249417771444847,0.8810228183203132,0.22884811523968446,0.1685717062430047,0.5100860008028624,69.42781753836822,2.3694685395629413,0.14155183363893295,3.2230898670363157e-05,0.858448166361067,7.7206810967620285,1.604696715773133,0.27634737588542735,0.004866652448088387,0.09326022917395499,0.6303923949406176,11.935252421318701,1.4077042751621263,0.6631036819107506,1.7693895179280041,0.8320951475675059,0.9955852377612989,1.1667229109351809,0.31112120399629295
459.0,12.976047699859409,0.0,0.09182110293008033,0.9069810575028665,0.22922415563150023,0.15542056536477977,0.5235341760736397,68.98641869150033,2.3541162469978576,0.15852592109115998,2.9980182794147397e-05,0.84147407890884,7.7507288905759,1.5713764214375896,0.29672232909028146,0.0039271657987917374,0.09318479955314483,0.6100928713565738,11.933089234877471,1.4325820364094803,0.6665252149633973,1.7152984592893508,0.8891013178521099,0.9977455364651359,1.157766919151855,0.36367184789726203
460.0,12.976062339278416,0.0,0.09094365934261872,0.9042594542023811,0.22862370950465846,0.16272935288526857,0.5177032782674543,68.78204785566155,2.347186116326534,0.16648450829055889,2.6739296706418613e-05,0.8335154917094412,7.847172311764002,1.597362923434266,0.29785031357099245,0.003358532325259167,0.09318674606502723,0.6089629403639802,11.893227214163065,1.4179502656643557,0.6664102068781346,1.72710035165006,0.874344913743107,0.9976175149571118,1.1569121145148595,0.3574357806444082
461.0,12.976073873670769,0.0,0.09276181431538441,0.917133507814124,0.22946401259141758,0.15988811511453385,0.5178860579786642,68.9440313355875,2.353632207921647,0.1598829316153668,2.903173099767377e-05,0.8401170683846332,7.755399188448158,1.5728262012513339,0.303585135992937,0.004072661059635357,0.09319392184745513,0.6032209421596079,11.913571897954785,1.431064380000969,0.666762018966613,1.6935365337643886,0.9011624066163797,0.997496420614445,1.159802232974696,0.3634349683557533
462.0,12.976085830933783,0.0,0.0933684951204517,0.9304777631020925,0.22971929496389504,0.16087875607588753,0.5160334538397657,69.17679743761548,2.360435971474062,0.15097395826152626,3.172409195808566e-05,0.8490260417384738,7.650317548316972,1.5470753995936048,0.3091686908532519,0.005399166989665492,0.09320169684026583,0.5976296123064823,11.950995677876122,1.4409542691104358,0.6673539847018798,1.6580968275568921,0.9266920258653197,0.9968161920198366,1.1649701059736288,0.3645303118411905
463.0,12.97612667341956,0.0,0.09324587650402767,0.9004753134940262,0.22851961666644774,0.16436823934711392,0.5138662674824106,68.78455851106764,2.3502786831317675,0.1744867419901667,2.513492959918579e-05,0.8255132580098333,7.89212663470521,1.636448361306278,0.3102012870832393,0.0035101046212637097,0.09319975761735501,0.5965989552994057,11.830504953404622,1.3983818668671488,0.6672054935755398,1.6435487822769532,0.8790271496307211,0.997951040361301,1.1521634715339213,0.3565073279197476
464.0,12.976128326763117,0.0,0.09124340870831446,0.905120438295367,0.22906087591483076,0.16209868618570414,0.5175970291911506,69.2865752568855,2.3566896425732677,0.15071468228869156,3.128226808659225e-05,0.8492853177113083,7.681379618226117,1.566649728569033,0.3043873882457303,0.003386439774170908,0.09320218918307574,0.602410422571194,11.987561198581268,1.4242171224153606,0.6655622111256212,1.8132176924909797,0.885980477664029,0.9964101906976066,1.1625297563992139,0.30766191161079137
465.0,12.976136831803018,0.0,0.09433147553670501,0.8977603763550817,0.22937118092630931,0.1586452777312802,0.5176520658057054,69.10910908471323,2.3525766186579506,0.1645761955528859,2.9171788245263433e-05,0.8354238044471141,7.773067271152686,1.575797758742712,0.30568133096179584,0.0024976221862710295,0.09316563812207532,0.6011530309161289,11.933986797161106,1.4302103091852207,0.6662285810661068,1.8015189435234271,0.9082827408041688,0.9978152127067057,1.1555199824335904,0.3389553641211973
466.0,12.976141875963156,0.0,0.08960619524121226,0.8909904461847094,0.22903813395293118,0.1604202370267167,0.5209354337791399,68.79252294633673,2.346475031564016,0.17141753878851734,2.520339965085741e-05,0.8285824612114827,7.903866705568367,1.6186688930943292,0.30312356064708085,0.0026649693382499256,0.09316731174115625,0.603709127611763,11.858134278741897,1.4165240993548691,0.6668028776237054,1.7121906615596272,0.8780091748305257,0.9985506195142684,1.153128544007044,0.3688637770681581
467.0,12.97614671067489,0.0,0.09085948083349878,0.9208095775369611,0.22916988774700098,0.16480364560396346,0.5151669858155368,68.87718465225032,2.3544742602465747,0.15355488906220474,2.9032037078802176e-05,0.8464451109377953,7.755578469293925,1.558070814542031,0.29949827344439617,0.003660328048108284,0.0932062613483833,0.6072954652072206,11.899749717313018,1.4212703221197798,0.6661679070491414,1.7134759707907674,0.882239723377048,0.9968020244523492,1.1629042731244579,0.3390960071242771
468.0,12.976181910504415,0.0,0.09138565006391483,0.9167294372228516,0.22903464119416855,0.1668377772670006,0.512741931474916,68.87600373334251,2.3531136313996166,0.1577876069255498,2.8818174329864605e-05,0.8422123930744502,7.7838616050175835,1.5708748073582157,0.30360366189616417,0.0035422755103591014,0.09320869308142384,0.6031876450224121,11.88547895561976,1.419229568134179,0.6664816031193482,1.758422137395881,0.8878402450415113,0.9965353426861011,1.1616441518776899,0.34164322982398243
469.0,12.976199465846928,0.0,0.09254452475695077,0.9236190618254205,0.22954321177765374,0.15961861984183368,0.5182936436235618,69.05026761456814,2.3573780944501017,0.1546332074947665,3.111558129847662e-05,0.8453667925052335,7.695627456248346,1.5531122380536164,0.304449754388805,0.004728757066634411,0.0931944297019786,0.6023558159092165,11.936273960279516,1.436860252068461,0.6667577937677995,1.675531509827083,0.9095102955244284,0.9970893605959601,1.1629249512768414,0.3637288107384993
470.0,12.976237514394896,0.0,0.09090500494727669,0.9184670486671213,0.23039057303864438,0.1513850272383101,0.5273193947757688,68.94391417566601,2.351007581536528,0.16117216093942693,2.904147813987213e-05,0.838827839060573,7.7310048326122285,1.5800445215849113,0.30242070397771403,0.0035407978105642408,0.093168610477087,0.604410685545199,11.924655716959412,1.4389072546663295,0.665934825811344,1.5963878218365635,0.9307915632444691,0.9983798242754836,1.1584306111239837,0.3782467735674955
471.0,12.97628365025884,0.0,0.09102810371265097,0.8931547574552887,0.22933952260379917,0.15925973081752917,0.5203726428660207,68.92491863781638,2.3509112121079574,0.1643571251715669,2.8483571851294675e-05,0.8356428748284331,7.875809585807175,1.5708079028698072,0.27971124620359294,0.0034201428344151855,0.09317672540551286,0.6271120283908942,11.907586072819887,1.4418650474724002,0.6647389039137088,1.7770899328514913,0.8812227341515999,0.997906353300461,1.1517019799115509,0.348755810136878
472.0,12.976290741646732,0.0,0.09165842996446197,0.9177957937640531,0.22933327221318126,0.1603603011076811,0.5186479967146758,68.9261522766925,2.3531806136514066,0.15673742205522861,2.9576215546497757e-05,0.8432625779447713,7.744583179288178,1.5586392391736663,0.2949529441900159,0.0035503830365803462,0.0931985267168568,0.6118485290931274,11.92899244767118,1.4310936037530797,0.6660892790522936,1.7510719196560136,0.8942085604024056,0.9973773569790556,1.1605478710174884,0.34268208044438264
473.0,12.97629141028067,0.0,0.09217996222690814,0.9016584490890213,0.22920865443760355,0.15136963117731284,0.5272417521581756,69.02267191699681,2.3535898049147743,0.15896731648041107,3.0513191285760077e-05,0.8410326835195889,7.73920968808128,1.5746284599092641,0.294471671257043,0.003966413374750247,0.09317541361805382,0.6123529151249032,11.951022822497272,1.4367928703406667,0.6666298243437225,1.707394924974892,0.8889982647634342,0.9980496358170794,1.155777297790002,0.3726989353170252
474.0,12.976310102744883,0.0,0.09082499834647514,0.9204999715137592,0.22955858640431814,0.1568722817498744,0.5227441334993324,68.90163892591366,2.353872952536155,0.15565719830024904,2.92788753470922e-05,0.844342801699751,7.752681983979116,1.5630511829421079,0.2903959807636327,0.0038042005442917312,0.09319574159260377,0.6164082776437635,11.919248587795584,1.4340500489832912,0.6655636569955505,1.6882448754008537,0.8900662944275023,0.9975703988808606,1.1596616368625896,0.35617948890624196
475.0,12.97631267305583,0.0,0.09272909471124627,0.8933339625452656,0.22917881335063317,0.15358139010113642,0.5245107018369841,68.98449491329457,2.349345494744468,0.15552827279555423,2.9724863157143907e-05,0.8444717272044457,7.826773735585867,1.5396524698052423,0.2632463705528216,0.003112185076529307,0.09318059534473568,0.6435730341024428,11.943441609612464,1.4516908858715067,0.6634922117929175,1.8016985554268494,0.8870713061930262,0.998220069555065,1.153715029946133,0.3195107043815828
476.0,12.97631977221142,0.0,0.09124453017573515,0.9109376245741942,0.2292581655590732,0.15990355294578323,0.5195937513194084,68.9241894586052,2.3533052301461392,0.16638267317467895,2.9517131761425046e-05,0.8336173268253211,7.728872905657884,1.5637565147218344,0.2962067444726299,0.004389467926615566,0.09318826342267646,0.6106049921046937,11.855862866509394,1.4133328764623627,0.6673098373914189,1.6730020265881143,0.8855063844551541,0.9975171862047902,1.1579300165062545,0.350966641047196
477.0,12.976322173093285,0.0,0.09083963356252335,0.9351528855975653,0.23074270970652533,0.1504283205834416,0.5279893361475098,69.09429954772583,2.351874509224409,0.15139096803672064,3.193019538546066e-05,0.8486090319632793,7.653420164827002,1.5528092365301904,0.30331540238632115,0.003665520156867767,0.0931732058896659,0.6035113917240129,11.96505694897073,1.447701298756587,0.6655794613398678,1.5971730323250606,0.9474696544784413,0.9977499358524511,1.1640973291313192,0.3589150981442345
478.0,12.97634087494366,0.0,0.09324343581979327,0.92104811258593,0.22951868283425092,0.1544550400572542,0.5227828412887016,69.07612380306578,2.35671025753385,0.1513913280069089,3.07721651124115e-05,0.8486086719930911,7.641772849274071,1.5453106878293414,0.301772613988049,0.0043331181591029135,0.09320325180509402,0.605024134206857,11.96158909038838,1.4398360066781253,0.666716251762976,1.6873228039111656,0.9048089536250306,0.997341636549492,1.16184421100913,0.35653021207802266
479.0,12.97634597887595,0.0,0.09105328343842273,0.9210214661765646,0.22886539969726766,0.1681380333123677,0.511943283551942,69.04823401637303,2.354976841221937,0.15329905467881683,2.958431695608282e-05,0.8467009453211832,7.742232120433984,1.5670139650817714,0.3069661224494509,0.003888845806011735,0.0932195815754409,0.5998142959751082,11.919393306556115,1.4159448568558477,0.666355118897873,1.7842026846928136,0.8801616298212277,0.996285394704001,1.1650735167622244,0.3152881652917332
480.0,12.976346414006855,0.0,0.09177422300580788,0.9269437430087979,0.22981380532697057,0.155655617863873,0.5227563538033485,68.96978603125777,2.351118277957126,0.15173639640538117,3.159750032434603e-05,0.8482636035946188,7.745209418803864,1.5517933642069524,0.29581315928311097,0.004927754517580901,0.09318364398666268,0.6110031967302263,11.922106210527119,1.4401459781826889,0.664945374849071,1.6735884204959286,0.9141835304109898,0.9975140361673196,1.1594619559714956,0.35332241285168636
481.0,12.976348960725065,0.0,0.09175266824162626,0.927868369649627,0.22913204035744725,0.16330986729087424,0.5158054241100523,68.88902208990308,2.3541922920315836,0.15243964917405406,2.948466791113048e-05,0.8475603508259459,7.734365720770622,1.5472458587864317,0.2955945848116517,0.004432981417991881,0.09321425987716071,0.6111911553111877,11.916520051157146,1.4273117317521995,0.666301792167191,1.7407711617770767,0.8875268596188095,0.9968294204180246,1.1640753555018397,0.33622510643349696
482.0,12.976352171022633,0.0,0.09451366534380848,0.9382585949001746,0.2300826269240926,0.1593230989754768,0.5160806087566222,69.39583956848108,2.3669940733702326,0.14298153145605902,3.3925432210011106e-05,0.857018468543941,7.617978992554517,1.5266152180933539,0.31528251866604534,0.005634584545471841,0.09320413678474873,0.5915133445492059,11.952722947624217,1.4464014187876306,0.6668610228048462,1.7007210240414208,0.9331302145190655,0.9963000781401428,1.168442810012086,0.3623647175782434
483.0,12.976364014731468,0.0,0.09081383235237545,0.9131084873170745,0.22938097249332948,0.15638511374516095,0.5234200814091342,68.94595641558142,2.3514758702813277,0.15555571519584852,3.032549242954229e-05,0.8444442848041516,7.759306950897216,1.5613815183857525,0.29193212652947104,0.0036941449726674335,0.09317975457357917,0.6148881188969498,11.932081717104328,1.4387466165331504,0.6660909935332178,1.7187468183400458,0.8905351995576178,0.9978398250727958,1.158607225624448,0.3616303345788543
484.0,12.976366134272029,0.0,0.09104474892162497,0.9127496461159104,0.22922859266501994,0.1570446214292456,0.5226820369841095,68.98219612882413,2.351700215237313,0.15285728430342704,2.9404191893730308e-05,0.847142715696573,7.770813145540581,1.5665327686770134,0.28878135387127774,0.0034428653791529597,0.09318767601222944,0.6180309701164928,11.933604184864613,1.4355639034262098,0.6659710371116256,1.7627109263877008,0.8788089341951968,0.9975115034165309,1.1576507436696892,0.35081464363974396
485.0,12.976375954802204,0.0,0.09119552147626178,0.9216302952579434,0.22949164270568334,0.16225903036820166,0.5170538054498532,69.00272967570476,2.3560265388674764,0.1470052537539029,3.082921458074389e-05,0.8529947462460971,7.695069127908565,1.5312063639134768,0.28788118674449714,0.004786130804841941,0.09321354952015462,0.6189052637353483,11.973002330161965,1.4460858821668292,0.6646631732339208,1.760050796272432,0.8918666002162732,0.9966758815992719,1.1624125326561394,0.3333064913481885
486.0,12.97637989826751,0.0,0.09230541723597939,0.9229431363267346,0.22928355988527946,0.15660565401434015,0.5218053688644011,69.17120759237109,2.3571651785358463,0.14794418700742612,3.244723298891258e-05,0.8520558129925738,7.6244756702318535,1.5479462553070593,0.30258765193345133,0.004789194038029509,0.09320563617978161,0.604206711886767,11.981569683334953,1.4368869051115456,0.6669121658892334,1.7410441674308381,0.9041024046051197,0.9969597550347706,1.1650114042765596,0.3451000988190554
487.0,12.976398782219253,0.0,0.09160845133612186,0.9156855697332065,0.2291970495129477,0.16276856191505892,0.5164259372358715,68.99977712146733,2.3539471762030404,0.1561388486723138,3.049681052054612e-05,0.8438611513276861,7.7686776972111256,1.5612264876090978,0.2994771682759448,0.0037086087510687918,0.09320171779838794,0.6073211139256672,11.92578273447657,1.4322512993590002,0.666271857680945,1.7896134044150815,0.8926488631499649,0.9969336860001539,1.1605498406911365,0.3400452930854112
488.0,12.97640032077393,0.0,0.0915066565298976,0.9083398356804246,0.2285229710536851,0.1564205337383832,0.5235498386780342,69.06914545179028,2.361414242483029,0.1639117847789502,2.855812466720687e-05,0.8360882152210498,7.653845925621432,1.5519329855616828,0.2810618725318842,0.004541588038160124,0.09319346054411623,0.6257446669239997,11.934723018431933,1.419871930809556,0.6674310974100646,1.659544271881436,0.8845840280420616,0.9976868982412901,1.1575797288732401,0.3608314629692369
489.0,12.976408362952592,0.0,0.09219878199622433,0.9353320974628391,0.22916487966398105,0.15560590184327833,0.5230304364965163,68.88502469202713,2.3519671885511984,0.1494065959412537,3.2192245273809956e-05,0.8505934040587464,7.639707485195286,1.4973145524638443,0.29376186864010667,0.006640717459848344,0.09319911002222539,0.613039021337668,11.966069983602313,1.4512778556574346,0.6659320898856247,1.6416768346281363,0.9149270622528187,0.9969814745514083,1.1657003320221535,0.358324617755394
490.0,12.976410145967513,0.0,0.09501156362354925,0.9160307504828991,0.22922003150651288,0.14979494855542816,0.5259734563145098,69.33500936822864,2.3580746047652386,0.138944974240306,3.0464445691547103e-05,0.8610550257596941,7.672181098898053,1.5694312535468833,0.29200768011573647,0.0033696810585234736,0.09319276839626,0.6147995514880036,11.935083787474934,1.4303869345511149,0.666882812693094,1.7462904788978175,0.8849643011719919,0.9975347706499607,1.1591191190810979,0.3623323463135676
491.0,12.976416378270404,0.0,0.09378747324552937,0.9041695814550104,0.22932290223165072,0.152847306178075,0.524042318344745,69.20319319462492,2.3532380051764807,0.1539946884491981,3.042178774329381e-05,0.8460053115508019,7.724336103316867,1.5618145889165156,0.293823449611373,0.0031897744928859146,0.09317521315641102,0.613001337232216,11.94271320849776,1.4391875544710906,0.6661031912195807,1.771212159782284,0.8922957934555205,0.9977898308261366,1.1592036948137066,0.3603776513532615
492.0,12.976419315868133,0.0,0.09412075685881585,0.9024265928807214,0.22859422795953172,0.16661950196574282,0.5106655132159096,68.89266731785156,2.3496951349034396,0.17411003732345906,2.4343103434346602e-05,0.8258899626765409,7.9270146240800745,1.6242568690880184,0.30208523272837673,0.0029289915132225683,0.09319893826617946,0.6047158290054437,11.829247330099598,1.4004739091867213,0.6671815490926769,1.769687374818298,0.8821208195815737,0.9978642047483679,1.154000640081776,0.3310192177537295
493.0,12.976428847884975,0.0,0.09401625499485283,0.9626899252791434,0.22808546944188496,0.17055351599886576,0.5073447595643964,69.29188137669065,2.3584203388643568,0.1313216566769001,3.288913104709216e-05,0.8686783433230999,7.624274135533916,1.5295456657939408,0.31822859664827446,0.004774891837132092,0.09326156157528503,0.5885098417764405,11.95021422624048,1.412068152378071,0.6681751087724911,1.8963465723306347,0.8971503034906526,0.9949286731740241,1.1781354478727488,0.266778823063038
494.0,12.97645245100016,0.0,0.08890702292669539,0.9045264629192717,0.22942958083219533,0.15580225081449373,0.5258611454266156,68.8202874397941,2.340103210315769,0.16136214600229434,2.785226704203462e-05,0.8386378539977056,7.838218194915561,1.5974095200374139,0.28888190745831877,0.003013859988366816,0.09315259508084585,0.6179654974608354,11.894166292479726,1.4363257474592253,0.6662482504923425,1.7046773721322412,0.8861153412561643,0.9985735133969709,1.1516218128743856,0.3740591692269185
495.0,12.976462250336652,0.0,0.09002879658611232,0.9093426080420086,0.22937749000133495,0.15855126479154957,0.5220424486210031,68.89187998593292,2.350502038273764,0.1589814272509375,3.0202462174098912e-05,0.8410185727490624,7.7451242846608,1.559770774258169,0.29370303791939256,0.003888463629069419,0.09318691604656791,0.6131100460340395,11.936600051239694,1.4372206460927432,0.6656112289031388,1.717656381718315,0.8922483239904746,0.9976362425370489,1.1590748050281077,0.35220347497900417
496.0,12.976467979864854,0.0,0.09227128226265893,0.8840252971599905,0.22822945136654657,0.16320571197828554,0.5162935543925089,68.58835861734875,2.3415277458076744,0.18596825057067226,2.1518959792647523e-05,0.8140317494293278,8.002398460384766,1.672827128548244,0.31105087734027137,0.002550849560281325,0.09318069999495801,0.5957684226647706,11.809525513898654,1.3938379365339322,0.6670865958724908,1.668729239931846,0.8704930549604022,0.9987225644888038,1.1478751192861798,0.3751569764224027
497.0,12.976475301585234,0.0,0.09174569596555082,0.9156455805359938,0.2292633272604413,0.1602592568401732,0.5187317199338347,68.99132446398212,2.3535279639094906,0.15575956185923917,2.9739605548097113e-05,0.8442404381407608,7.760335871881457,1.5623234111461468,0.29528629336480133,0.003497672462937089,0.09319932115312492,0.6115143854820737,11.925766078014412,1.4308567678818502,0.6660206611743644,1.784570594095582,0.890545360538415,0.9974370205046499,1.1603536316884338,0.33861330639654286
498.0,12.976477803097927,0.0,0.09428048861841966,0.8999142534098954,0.22938819940031327,0.15418572335331726,0.5221455886279499,69.11260817713253,2.3560579458842823,0.16079905953718876,2.8842415001858446e-05,0.8392009404628112,7.78166057665446,1.5865169569521336,0.2999387497298352,0.0030284450079002784,0.09317640622811028,0.6068848440420546,11.919822440142923,1.4290341844325332,0.6661777934294273,1.750460104223849,0.8921661324878307,0.9980251971987968,1.1548015054916152,0.35835064365851577
499.0,12.976492649432704,0.0,0.09020565296144649,0.9149931057412033,0.22906226153458056,0.15900034467327334,0.5217317408306997,68.85779423450016,2.3502618629551426,0.16227093051083202,2.9270577628661983e-05,0.8377290694891679,7.759014840702427,1.5498415792166704,0.29222166920489084,0.004720680209043005,0.09318342616442069,0.6145949046306884,11.941343242304233,1.4377288982587446,0.6655744676272437,1.7153737085493215,0.8917501595365803,0.997374310953545,1.159897390936764,0.3583347930587679
500.0,12.976496960986577,0.0,0.09153260159655542,0.9348283679928862,0.22912880147855166,0.1548458280829037,0.5244927688419893,69.00359958185877,2.3570812427323196,0.1459446549955627,3.129161507094913e-05,0.8540553450044374,7.617047648076527,1.5022130748791385,0.2876451653774169,0.006371822426442851,0.0931956631788285,0.6191591714437545,11.982954821171042,1.4476258897902972,0.6664690490801559,1.669308721525086,0.9003043173364407,0.9969712940902646,1.1644994505381425,0.36087677531537793
501.0,12.97649974648482,0.0,0.08964439269407391,0.9106080291395439,0.2293397131720609,0.15852437887381968,0.5224915152600456,68.87006856373027,2.348617077976592,0.1604935715140386,2.9976386956689543e-05,0.8395064284859614,7.755294106972633,1.5675305329984421,0.296949687093953,0.0037905674047680016,0.09318068688565052,0.6098696260203965,11.91987751968246,1.433898980582873,0.6660177693091164,1.7042116613986364,0.894223387909822,0.9977988460157384,1.1589315787343684,0.35823873095614667
502.0,12.976502387291227,0.0,0.09408114023140333,0.8912352153550602,0.22918122891928847,0.1547110477532662,0.5220265830960421,69.09715937590026,2.3569815998310135,0.16080338644151929,2.9604275043834906e-05,0.8391966135584807,7.77043208235953,1.5927972449991086,0.3008828784376204,0.0024267000986393826,0.09319465708893937,0.6059224644734402,11.965899397023811,1.4310260333740215,0.6658446957515584,1.72943280286909,0.8852019012270289,0.9974736577804346,1.1529092120341577,0.3514126884520366
503.0,12.976522008653582,0.0,0.09295273211999414,0.8988964876152591,0.22873156868637334,0.16717656484139992,0.5111391343522326,68.88195901550942,2.3553823101652025,0.17339926817737117,2.686792992677794e-05,0.8266007318226288,7.805105638212658,1.5797072922031146,0.3084550315158728,0.0030179294984578903,0.0932008657213178,0.5983441027628095,11.905915086752215,1.4132312160277305,0.6656244994005449,1.7433627609520963,0.8821979876175855,0.9968606014964063,1.1611577512971074,0.333912225743809
504.0,12.976548401655219,0.0,0.09057040353385061,0.90305169963441,0.2290014632915157,0.15732546587343738,0.5231026673011963,68.70952731421826,2.3492809922185387,0.15731545131034086,2.8813686496238352e-05,0.8426845486896591,7.744492451213095,1.5689433193686741,0.2986156671914382,0.004875056071793148,0.0931969524678061,0.6081873803407558,11.929605300535917,1.431238587799492,0.6659556877224899,1.6353978947577583,0.8824287433115978,0.9978792583872416,1.158350601865521,0.3667509552607029
505.0,12.976555784123244,0.0,0.0910943941664071,0.9246077778235815,0.22919123147207854,0.1662724480898088,0.5134419262717056,68.9087341241962,2.3538058358753644,0.153033714377866,2.893019959484671e-05,0.8469662856221339,7.7463585456734,1.556632659048814,0.2986501104130795,0.00416274482365047,0.0932158099315729,0.6081340796553477,11.905192849803266,1.423233674849237,0.6658176719170074,1.74582485939953,0.8905736964042267,0.9965957746440732,1.1649580083290971,0.3329717551608496
506.0,12.976564596396003,0.0,0.09124685499024322,0.9223506427610473,0.22919403882782147,0.16641671052060006,0.5131423956613352,68.89018471229093,2.3559863713758977,0.15686516668213848,2.8560039767720263e-05,0.8431348333178615,7.776418332859524,1.5647008157461,0.30447289175653697,0.0039589040591807585,0.09321011423029762,0.6023169940131654,11.882294185342564,1.4186134767572585,0.6666559108415582,1.7241122643281839,0.8876840988444086,0.9968544149409866,1.1631295676006141,0.338890980569459
507.0,12.976565571522496,0.0,0.09592705351702105,0.9314757315133266,0.22861578536405391,0.15527146328915672,0.5201856978297684,69.21126953840975,2.358568588254394,0.15058339529184228,3.042054915019196e-05,0.8494166047081577,7.645675735925467,1.5260169113562636,0.3114362567129441,0.0055587351499096875,0.09319494008519927,0.5953688032018566,11.987226538521,1.4341956423779771,0.6670598224403839,1.7305183499794679,0.9171919744387441,0.9967134144426099,1.1642692761189122,0.3368726230834551
508.0,12.976583292452954,0.0,0.09130657941402517,0.916193497842984,0.22900329448524878,0.15785192227344075,0.5218382038272854,68.97539016901807,2.3522945310341967,0.16282291348653785,2.8961927766579398e-05,0.8371770865134621,7.750045855196698,1.5843363899692167,0.31307776021795647,0.003749275739499881,0.09318191408181274,0.5937403257002308,11.910799808229193,1.4217156846794785,0.6672436827823266,1.6868726314816411,0.9087820655632474,0.9976781276012863,1.1618625977358534,0.35487766824666006
509.0,12.97659605164545,0.0,0.0964590592670287,0.9023443393719714,0.22913828039919332,0.15366146849819717,0.5207411918355808,69.23587303557677,2.3532134017372863,0.15986260065920616,3.0889536196418736e-05,0.8401373993407939,7.6696085616366805,1.5797057610620895,0.3114153634933373,0.0031153117640090287,0.09317367385294345,0.5954109626537192,11.970498991455768,1.429130650124934,0.6680236410454499,1.758990246224561,0.9256366392727363,0.9974595798825039,1.1567482442934116,0.3443576820329146
510.0,12.976608959819194,0.0,0.09071486810841134,0.9132622764032878,0.22944627813403357,0.15610246759483892,0.5237363861627161,68.93042510990598,2.351379722443048,0.15671218557831484,3.072033551631886e-05,0.8432878144216851,7.754375724621488,1.5591738396894979,0.2932824576686967,0.00380183622703078,0.09317635967130047,0.6135411826600028,11.93142923092135,1.440110636436125,0.6661424034281858,1.699905057748194,0.8955607418557983,0.9979805343540522,1.1590171464622017,0.3662656306956159
511.0,12.976622664408778,0.0,0.09245731497209246,0.9098257468155844,0.22929463516162943,0.15355790354031795,0.5246901463259602,69.15171069885736,2.3519171514184434,0.15387091115813714,3.0095696656161614e-05,0.8461290888418629,7.729708592692283,1.5676951736983178,0.29811000758514183,0.0037015307611948543,0.09317607086903484,0.6087139215458233,11.940017803594602,1.4363282160725215,0.6664596969948321,1.7628734274869466,0.8896245599887764,0.9977148317523219,1.158902622489273,0.3592730015175208
512.0,12.976623168271454,0.0,0.09150378479123678,0.9054946029363735,0.2292973395523965,0.16022032547858506,0.5189785501777816,69.05101398122865,2.353896368599177,0.15972885943178688,2.9940132372690105e-05,0.8402711405682131,7.761580791938522,1.5605904402408945,0.30028298654882574,0.0037043030345738403,0.09317775526360501,0.6065392581875693,11.951088037709624,1.435932826245088,0.6656771063182864,1.785511324769502,0.8956928925793948,0.9974115972719073,1.160023287930962,0.3407560355412405
513.0,12.976624596202662,0.0,0.0917739524071501,0.9334052535507706,0.23023342823125462,0.1537136249760468,0.5242789943855486,69.17540634477564,2.353657004903771,0.1456323987374519,3.161185075984883e-05,0.8543676012625481,7.6600939495575755,1.5776884230062802,0.3000390655603881,0.0027721740240241243,0.09318977980154537,0.6067711546380665,11.942835948772144,1.4304826242820894,0.6662874625225101,1.6702632223962586,0.9216580543475328,0.9975910774198706,1.1640705940062548,0.34523708830699074
514.0,12.976633383248458,0.0,0.09151527455071815,0.9103854830018805,0.22896690131556954,0.16019457150032657,0.5193232526333857,68.83127935186513,2.352300070608763,0.1551881857085879,2.9497693372221562e-05,0.844811814291412,7.746507653069701,1.5641761543117374,0.30056736327877165,0.004551085512920467,0.09320525351970425,0.6062273832015241,11.932455253275933,1.4304339270856552,0.6662765914956661,1.6997401532062186,0.8842412045537937,0.9972765742668602,1.1601906976190843,0.35353747350413933
515.0,12.9766379986595,0.0,0.09187390428245168,0.914133540363326,0.2295966728008222,0.15743352952384587,0.5210958933928803,68.94970043747678,2.3577291017123145,0.15852212453495584,3.0507647185481202e-05,0.8414778754650442,7.80255625423553,1.5468814584427062,0.27864510056665603,0.004788023880771419,0.09319167869117079,0.6281632207421732,11.94442693289144,1.4491000721948954,0.6642028864518034,1.689367918502262,0.8828538231160836,0.9977384592191725,1.1604756545979718,0.362943785187933
516.0,12.976673835238364,0.0,0.09130457026695499,0.903654331501111,0.2289119711198233,0.16203406747153803,0.5177493911416837,68.82745646139342,2.350743002043105,0.165798795629917,2.5683215415487963e-05,0.834201204370083,7.8776230931505395,1.5935425171390187,0.2949441388657591,0.003361932333264547,0.09318649247048647,0.6118693686637544,11.865677200446603,1.4201689570595066,0.6662139489090992,1.7407704076044364,0.8714191654671182,0.9978270008237855,1.1551785820124805,0.3610339565440648
517.0,12.976679915751056,0.0,0.08958678736262213,0.9065644014903059,0.22895693199805395,0.15893434454800417,0.5225219360913198,69.03082115639745,2.3615112675566454,0.15515338598384318,3.16667357232682e-05,0.8448466140161568,7.746126088427433,1.5365019563224325,0.29720116890152154,0.005260599695895508,0.09318860849310855,0.60961022260537,11.903751799149173,1.4311884814926414,0.6645719155614582,1.6953238852127344,0.8912516079312627,0.9969513603153295,1.160269676191206,0.3571509242085057
518.0,12.976692039869874,0.0,0.0909720036729317,0.908292752347079,0.22940975874754038,0.15826915494505445,0.5213490826344735,68.93540166679168,2.352336187526067,0.16171890916204693,2.840381404634622e-05,0.8382810908379532,7.769929304480478,1.5435293969855342,0.29629998400959406,0.004525051151913532,0.09318270749140933,0.6105173084989965,11.932134221102263,1.440629089227849,0.6658461723110367,1.7371054980089462,0.8963466235417237,0.9976476335875619,1.1604751630185812,0.3521713587922859
519.0,12.976761016882175,0.0,0.09038653332880404,0.9055013018695421,0.22937318977154478,0.15677527219088194,0.5234650047087693,68.84511852121281,2.3439253804153797,0.1631830383302751,2.7365589304931974e-05,0.836816961669725,7.831551755420372,1.6005087016480841,0.29538038618161694,0.00318988404144709,0.09316523800028552,0.6114543758180975,11.890749794874212,1.4298842949932469,0.66660851850473,1.709773392346236,0.8872845118305048,0.9984164587307429,1.1534217330608076,0.3712272089083991
520.0,12.976768414021425,0.0,0.08774294835519779,0.9140931547393042,0.22922030320791403,0.16127003982178656,0.5217667086151017,68.85412272346407,2.3495286428378708,0.16540573851494658,3.014229865305763e-05,0.8345942614850534,7.722481113279444,1.5856445166598439,0.31529986937074067,0.003966321076624185,0.09317327571079426,0.591526854918465,11.943803177289913,1.4264244594972442,0.6676814943363427,1.646354536668909,0.8886998962063436,0.9972340094418757,1.1609432705286489,0.38412956083409383
521.0,12.976777260172872,0.0,0.09155991442301935,0.918430317730605,0.22910224040707877,0.1608558905329446,0.5184819546369572,69.00105048063187,2.353020321545848,0.1613886095284823,3.0449846420399e-05,0.8386113904715177,7.74339708942137,1.5599792614090027,0.30441862211347526,0.0038668491400543513,0.0931988059431291,0.6023825719433957,11.928992762005242,1.4322483094234195,0.6664325276758597,1.7670146825273738,0.8918351225279848,0.9972430349264632,1.1608784720539198,0.3432677136591849
522.0,12.976784149103368,0.0,0.09098975176697885,0.9317524956321326,0.22996554155463722,0.1535087210323279,0.525535985646056,68.96963460654652,2.358339809526739,0.1436434882325018,3.3281134845997895e-05,0.8563565117674983,7.682020054168922,1.5137901016588804,0.2795069708095554,0.005627691392862379,0.09320322486564996,0.6272898043247948,12.008475034799984,1.4654172031946557,0.6642844205784081,1.6744481957792439,0.890325713224432,0.9971096411435456,1.166614575623801,0.36750902374123207
523.0,12.97679230685347,0.0,0.09157839393152813,0.8815570064072492,0.22956900183417409,0.15730062697988126,0.5215519772544165,69.22673734064162,2.3591088600845076,0.15499417857188044,2.9405616879621888e-05,0.8450058214281195,7.771987695544038,1.6403681585593854,0.27952023361042627,0.003453752678585857,0.0932005641842557,0.6272792022053181,11.909548674946567,1.409963389906598,0.6632424314014702,1.6704449389734288,0.8634320624529066,0.9975257551718439,1.158788125375703,0.35726712400045885
524.0,12.976819427360379,0.0,0.09162708440035466,0.9135915899098147,0.22805143188996368,0.15617276330371055,0.5241487204059712,69.2694795962896,2.355384890878206,0.15205772875476017,3.388113472418042e-05,0.8479422712452398,7.683538477993384,1.5057351869646403,0.2850766061341453,0.005646715341659595,0.09317403322853929,0.6217493606373153,11.925687940932825,1.4395833782194063,0.6648362685304787,1.7264761476016606,0.8713041691212993,0.9973052813488563,1.1600627047434353,0.35258426622566763
525.0,12.976823571782342,0.0,0.09142256827402001,0.9383083671645156,0.22912718203910387,0.15061380847891842,0.5288364412079578,69.06088832783661,2.3585257180826877,0.14269715790631698,3.219508865085845e-05,0.8573028420936829,7.5583886117294785,1.4796966829254918,0.2836704556602996,0.007341242930668335,0.09318636482966243,0.6231431795100381,12.01617220617799,1.457782968809346,0.6665526775366384,1.6335775013990905,0.9066930461952561,0.9970422309263848,1.164711498056294,0.37320260975631847
526.0,12.976833159162826,0.0,0.09000296799410637,0.9185921095410474,0.2301351829011794,0.15128058023030017,0.528581268874414,69.19662185039577,2.362581749438792,0.13903660872886822,3.563060033535656e-05,0.8609633912711318,7.542987575028669,1.49398804480349,0.2793256397324507,0.005021115945642924,0.09319415712947549,0.6274802031380738,12.048307177567603,1.4672098718404825,0.664153029122253,1.6472640174957596,0.8892256332813546,0.9965058827664031,1.167762215026776,0.3728878317832612
527.0,12.976836164229102,0.0,0.09291672785300559,0.8956190569070522,0.2284333028251005,0.1558736127823454,0.5227763565395485,69.18219024681342,2.350947219695717,0.158621514360827,3.1246792295972196e-05,0.8413784856391731,7.791463813092792,1.5389881380616433,0.29070452957341497,0.004095007378189162,0.09316959718887767,0.6161258732377073,11.932727137709485,1.4414384620226937,0.6638137556426073,1.7831889307641111,0.8844096884824875,0.9978602752156939,1.1556364621256607,0.335125571895033
528.0,12.97687508674475,0.0,0.09488835208535132,0.8772087651538271,0.22886430306907465,0.1544925857050587,0.5217547591405153,69.12316938816153,2.3556600774301764,0.1662431637840512,2.8934971586091045e-05,0.8337568362159489,7.8073867650271,1.6130603140428073,0.30485291828800654,0.0016037589421317958,0.09318564494401906,0.6019614367679744,11.966457572311104,1.4244372530896992,0.6659372503396237,1.7529962696764148,0.8870465356949293,0.997705370724624,1.1495389573290709,0.3477792499124902
529.0,12.976902832218208,0.0,0.09021183085829902,0.90320849627867,0.22958516374299942,0.15202759899786206,0.5281754064008395,68.9435655585191,2.3508157224555406,0.16004469396689086,3.0010126950418587e-05,0.8399553060331092,7.784541779783809,1.5508877459041581,0.2840433496797605,0.003665989841758967,0.09316796013255142,0.622788690187688,11.926335546056965,1.446634466781429,0.6648553301862905,1.7307351840799527,0.8860897340106482,0.9979687479122185,1.156330671233868,0.36176705325568226
530.0,12.976905236752003,0.0,0.09117097552407863,0.9143010852848744,0.22953422157062978,0.16277148037970848,0.5165233225255832,68.97140518806707,2.3551473103705844,0.15742294467267698,2.8761390444896478e-05,0.8425770553273231,7.778089607469577,1.5593937479860234,0.2915661412900017,0.0038764193552009215,0.09319507884016984,0.6152387798698284,11.910873653061934,1.4355701623471686,0.6662969156960511,1.722557618605066,0.8839755607232893,0.9971254939391794,1.1610085230255127,0.35788007407450273
531.0,12.976907006413228,0.0,0.08872534463307442,0.9086469424974872,0.22882681580246522,0.16301223148484204,0.5194356080796183,68.66524690878953,2.3367735944223496,0.1698052181311853,2.7756887386673735e-05,0.8301947818688148,7.846545048969532,1.5911244441136296,0.3037979104172617,0.003412135819811099,0.09316868305679313,0.6030334065259452,11.871883793073543,1.4228517810458663,0.6668143159275601,1.7563692686388965,0.8843653523018734,0.9980476590118124,1.1565179140557587,0.35970579918925893
532.0,12.976907214711472,0.0,0.09206014235678402,0.8986674202405661,0.22861830464810287,0.1662542210263518,0.5130673319687614,68.72349449830148,2.3446262464137604,0.17732322760702962,2.412771939870601e-05,0.8226767723929703,7.949764844704385,1.625790679891681,0.29796140039995594,0.002691612658303398,0.09318466689456664,0.6088539327054774,11.823643673748505,1.403297041624011,0.6669726910162437,1.7340477866895379,0.8760439611833274,0.9981971179895655,1.1525282996803687,0.3437081993023714
533.0,12.976912219069197,0.0,0.08789820874931839,0.8958878948474046,0.2282850835308259,0.16546633436910482,0.518350373350751,68.56972228636813,2.3364145988573233,0.17851010208275322,2.4950592999702263e-05,0.8214898979172468,7.920208066681805,1.6126836223321295,0.2873060238676623,0.002786099850402561,0.09316069622304371,0.6195332799092941,11.86264239957963,1.4127069903585125,0.6664201175949367,1.723106987319884,0.8621048328291446,0.9983368628854044,1.1530190092112815,0.360418577050408
534.0,12.976913666597358,0.0,0.08980091526848233,0.8945790347664573,0.22937875195093882,0.15719187614216698,0.5236284566384118,68.86302606006477,2.345539142781677,0.1664620050281887,2.7015576156233344e-05,0.8335379949718112,7.873787521764829,1.595243638950859,0.28580822742342,0.0028411742173522193,0.09315889410567381,0.6210328784709062,11.891221439724886,1.434689255540919,0.6655083230037862,1.7363873856781682,0.8799527241015526,0.9985520489274273,1.1503271554831558,0.36653341684702684
535.0,12.976915413169849,0.0,0.09082336801226422,0.8953968812623145,0.22875244497201802,0.16015482225737632,0.5202693647583415,68.75959257337087,2.3499072576125215,0.17127883717678963,2.625819315941741e-05,0.8287211628232104,7.839264060788779,1.5884607754000792,0.29656524905182896,0.0030468811110637493,0.0931760677865673,0.6102586831616038,11.89409145088251,1.420046153373958,0.6658100113064827,1.6863818257186955,0.8697924705796989,0.997876881200283,1.1558988995276005,0.36656692586336637
536.0,12.976917774738476,0.0,0.09143046010181681,0.9233360458057767,0.22955688931880797,0.1571192652332721,0.5218933853461031,68.95489312074119,2.355598319512106,0.15221876494785963,3.0211093078251113e-05,0.8477812350521403,7.699837468954762,1.5302916638204997,0.2915303164224468,0.004951016711068866,0.09319903277813872,0.6152706507994145,11.946659464910624,1.4443998882715452,0.6661294323830846,1.7042514185159932,0.8864511885572017,0.9971729291001987,1.162416710038419,0.35585206724245844
537.0,12.976918860351503,0.0,0.09092573900086864,0.9063899588144266,0.22946563593630775,0.15861399859958603,0.5209946264632377,68.94277330440578,2.3549002789671656,0.15545309063703497,3.072997101472078e-05,0.8445469093629651,7.721394699266529,1.541664670530865,0.28612752317875156,0.0041168881524393935,0.09320145075537517,0.6206710260658732,11.975619291539907,1.4449711989491079,0.6646626346225246,1.7490273957975657,0.8876398415119976,0.9972568344201069,1.1594089997135,0.33812121103233833
538.0,12.976940367004255,0.0,0.0939145224549382,0.9064189237583127,0.2294720227075362,0.1557744409005823,0.5208390139369433,69.07983275023673,2.356090504473007,0.15940124970116984,2.9243505313041594e-05,0.8405987502988301,7.764490605730391,1.5784310301792437,0.30097414850645576,0.0034270901249914875,0.0931827039151759,0.6058431475783683,11.922003718738654,1.4316385332788255,0.6662945945496731,1.7302957300595705,0.8969999797107854,0.9977955050281869,1.1566520187802818,0.3600977045580437
539.0,12.976944249483884,0.0,0.09441304934785932,0.8935997940235786,0.22834893457639382,0.16490898924452171,0.5123290268312252,68.81601769732464,2.3521388107518586,0.18138057411336672,2.3925338772531717e-05,0.8186194258866333,7.929410997267749,1.662429895340094,0.3188845223994837,0.0034951136859882985,0.09319831379127111,0.5879171638092452,11.800954816435052,1.3869869629839164,0.667639385086916,1.5943929138349269,0.8813248097998785,0.9981760565698621,1.149620914831147,0.3598952241306358
540.0,12.97695470014882,0.0,0.09198119595418115,0.9085748342210214,0.22927639528311392,0.15487420255405354,0.5238682062086515,69.09878677062471,2.35453228965888,0.15612809698260016,3.0354315028745394e-05,0.8438719030173999,7.709433713077907,1.5705828164502988,0.302468468480355,0.003908812217753266,0.0931818490520464,0.6043496824675986,11.945254495461517,1.4311929559730234,0.666401167101402,1.7455830144958346,0.8994916050207649,0.9976615773546956,1.1600516091098,0.35606305980277997
541.0,12.976976339035646,0.0,0.09134849857487158,0.9200547105279933,0.22946406684690407,0.15525419735579948,0.5239332372224248,69.0771439427244,2.3572571202146877,0.14988553825958745,3.266336704937744e-05,0.8501144617404126,7.6576141459401725,1.5324634822024565,0.2906748498638641,0.004759003080610788,0.09319737460788885,0.616127775528247,11.964482920365597,1.4437127658096178,0.6660249103008613,1.7083529494523693,0.8917195655414418,0.9970792806439646,1.1632927935706658,0.3529835487075536
542.0,12.976993501285998,0.0,0.09114679485460225,0.9098521368269803,0.22903327869897427,0.15869367969443887,0.5211262467519846,68.87360332597731,2.347363310705188,0.163750135607996,2.894275685675465e-05,0.836249864392004,7.790393416344537,1.5846871296323364,0.30260102626050417,0.003608849703586885,0.09317811233401974,0.604220861405476,11.900107203519276,1.4258934475641385,0.6668003224096106,1.7229140740431959,0.8986424998041208,0.998084886736175,1.1579490166278388,0.35712423301831175
543.0,12.976994873498887,0.0,0.094601443462721,0.9654198679641619,0.22867154952083926,0.15640003918086348,0.5203269678355763,69.15260831128181,2.354918294634073,0.14310720591187137,3.2946236307787173e-05,0.8568927940881287,7.491458763450176,1.4445130861979765,0.3253778476555065,0.009759530125067327,0.09319833827821362,0.5814238140662799,12.010973994490948,1.448577914625424,0.6679926657631394,1.6297424842196406,0.9621401145299139,0.9959706646269268,1.1739205073368575,0.324334311622709
544.0,12.976996166088522,0.0,0.09234435605768089,0.9158683452584364,0.22971902837454986,0.159037684060836,0.5188989315069333,69.10137501823112,2.355994723180504,0.15468586270970666,3.0137484838509922e-05,0.8453141372902934,7.734358694994961,1.568801795894768,0.3008341148848243,0.0031569226467763516,0.09318935573075111,0.6059765293844246,11.945720331265782,1.4318277706096552,0.6656079486020244,1.7623158923869018,0.9043675546939078,0.9973504730836715,1.1611940132412977,0.33596613297906774
545.0,12.976999365747577,0.0,0.08962927918825463,0.9092092393485804,0.22896549237429162,0.15919024099333584,0.5222149874441179,68.64336414101706,2.3451424621015784,0.16365833857797057,2.8217555445625398e-05,0.8363416614220294,7.8320332173810225,1.582219471807326,0.2814041509322623,0.003461141837067481,0.09317907324005292,0.6254167758276848,11.908183446941273,1.4299166305066127,0.6658595065018728,1.676044188241868,0.8625927744887008,0.9980491536638615,1.1563627660845046,0.37314914998703497
546.0,12.977014029826838,0.0,0.09378109135598785,0.92662879393328,0.22990285934293325,0.1527601729200167,0.5235558763810623,69.20724422303846,2.3554483339116916,0.14940664873153042,3.2301034510886486e-05,0.8505933512684696,7.6319208520279815,1.5693410967911634,0.3041541666222554,0.0036135332618105432,0.09319219503227084,0.6026536383454738,11.972241252051107,1.436034090538123,0.6672005328599372,1.7251550626912222,0.9329294306007873,0.9976105906674598,1.1587899905696895,0.34826614342826534
547.0,12.977018042390409,0.0,0.08984894721717643,0.9171933750326335,0.22914440554645954,0.16455738083922863,0.5164492663971354,68.88846694287471,2.351219160865301,0.15380668257424057,2.9754858379691762e-05,0.8461933174257594,7.785436857848747,1.560222994964458,0.2957891780535313,0.0036672598047048435,0.09320037553361148,0.6110104464128572,11.911082980466084,1.430091090774939,0.665961229479627,1.7798267125504603,0.8821940653733229,0.9968548406468996,1.16230998368152,0.3431783722215584
548.0,12.977051786020903,0.0,0.09124471873644288,0.9074176505594791,0.22977790185193628,0.15411384548718676,0.5248635339244342,68.92082442246144,2.351571232185168,0.15495478509337546,3.040057227438995e-05,0.8450452149066245,7.737418626207422,1.5500710961741064,0.28271690087560475,0.0031960786111145238,0.0931869499702613,0.624096149154134,11.960643233421017,1.4482190890329114,0.6645779026194497,1.7127980973035415,0.9044210421071657,0.9980073446273041,1.1575987467846858,0.34556999053052423
549.0,12.977065430356436,0.0,0.09107211556961757,0.8977143143729878,0.2285936717439166,0.16163002821839495,0.518704184468071,68.62572142661747,2.3384603798466075,0.1729289468228074,2.604747392739913e-05,0.8270710531771926,7.897506060889425,1.6193270082173483,0.2844485653261528,0.002356717081229584,0.0931628428106133,0.622388591863234,11.876354209494995,1.4163571045491627,0.6667410396018149,1.6934358292161422,0.8691494693441919,0.9984837735066806,1.1506831852735513,0.36942662784147395
550.0,12.977070060128767,0.0,0.0888594829256061,0.9152318631208576,0.22925693957783808,0.1593066359485449,0.5225769415480109,68.76351215017489,2.3466783492376306,0.1595634649582307,2.9450842570932347e-05,0.8404365350417693,7.758736715062811,1.5514013552112809,0.2900896789467802,0.0040497986712499205,0.09317685394144166,0.6167334671117781,11.936700028746559,1.4406071022318387,0.6661554582435314,1.7086453792390803,0.8880410653165831,0.9977007855126063,1.1601477449821749,0.3640046530055667
551.0,12.977076101613502,0.0,0.09028151946736444,0.9173994398694738,0.228944272007935,0.15862616944758878,0.5221480390771118,68.61864924453077,2.34333477663131,0.15914110314502988,2.8977259063053257e-05,0.8408588968549701,7.718726955406513,1.5766182811966711,0.3040376322817561,0.003900724176656826,0.0932044771426302,0.6027578905756137,11.93628864647625,1.428905548744876,0.6667181786740717,1.6601596795452336,0.8971765500252185,0.9976226382759773,1.1602206865735034,0.3633204516557353
552.0,12.977085131037944,0.0,0.09105890301591797,0.9030912736272774,0.2289302984706478,0.16141293601800685,0.5185978624954274,68.89597165807348,2.348013742603648,0.15912771351832194,3.186826423368968e-05,0.8408722864816781,7.805675108934967,1.582912607057476,0.29365354044279524,0.00487888462986817,0.09318924911447289,0.613157210442732,11.911953638192953,1.430740818488657,0.6662692065074879,1.779211417657244,0.8793021613782918,0.9971590337556377,1.156955084358978,0.3610497588923051
553.0,12.977117601397843,0.0,0.09113617293311094,0.9225560530904375,0.22928359204218626,0.16236945830852717,0.5172107767161755,68.96858054096741,2.3536162347886966,0.15260514814996146,3.016811072620113e-05,0.8473948518500385,7.747512740671979,1.5515820735705819,0.2948199661852115,0.0037401203579194775,0.09321001154336872,0.6119700222714198,11.927157043160376,1.4320708586725457,0.6659865049927296,1.792539048941656,0.8915328722147056,0.9971687700319796,1.1628463790701127,0.33053820063066736
554.0,12.977118297693377,0.0,0.09165902170774991,0.9476728766371773,0.22975974179575775,0.15518127595300105,0.5233999605434912,68.89776525340177,2.3524238343571877,0.164505665086368,3.216975263850728e-05,0.8354943349136321,7.813599308422813,1.5370958155807621,0.2739245485407879,0.0038859885373370142,0.09317837021241092,0.6328970812468012,11.931494283681765,1.4577116732259143,0.6668282608559186,1.5928230618763024,0.9323608978062676,0.9963410290498256,1.168922824886331,0.37865909791169017
555.0,12.977129001157248,0.0,0.09214330429236314,0.8950621749996719,0.2292956083886838,0.16068413711328686,0.5178769502056663,68.95968339779921,2.35709041798314,0.163430312601133,2.552933414136094e-05,0.836569687398867,7.880451427041316,1.5966306140412931,0.3019100008775297,0.0030506910665499157,0.09319759123569521,0.6048924078867751,11.854430477432487,1.4178287174987725,0.6664338376307476,1.7235052167694787,0.8840001438302594,0.9975052124965038,1.1517972475268283,0.33895904276891453
556.0,12.977135806696072,0.0,0.09240803610281768,0.9271040116940892,0.22972479935731963,0.1556327210766373,0.5222344434632255,68.95683607669694,2.355026343240108,0.15427295871652644,3.139116819494118e-05,0.8457270412834736,7.586958510202372,1.5220908253413787,0.3037954754136231,0.004873068463856239,0.09320969334200944,0.6029948312443675,11.978123647527152,1.4462947410084992,0.6665607650351871,1.6401208171520856,0.9120651242970819,0.9971475006307797,1.1652519683282028,0.3573714235933246
557.0,12.977136402106261,0.0,0.09175444095119759,0.8642423552206986,0.2296206754605858,0.1555191164907141,0.5231057670975024,69.37230427725765,2.3615288679781554,0.15392848933921738,2.9710736297593532e-05,0.8460715106607827,7.772291752379902,1.6794064375195017,0.27293560477305556,0.0032953996997375106,0.09320352707649691,0.6338608681504475,11.904428877179948,1.397529842490583,0.6618568985367796,1.6433581645323896,0.8503928600359145,0.9976324384546041,1.1582344996137666,0.35645903650435223
558.0,12.97714287360921,0.0,0.09183738980767944,0.9077357742711336,0.22912124535574482,0.15428749063004737,0.5247538742065283,68.9812582674754,2.3538406794048523,0.15719426608165196,3.045347768873369e-05,0.8428057339183481,7.750937096580689,1.5784022570309562,0.30084897012711975,0.004124923534089271,0.09318717064669219,0.605963859226188,11.947941467471164,1.4328584718492339,0.6671676744854131,1.7082949295612773,0.8901146285994642,0.9979391861518746,1.157581491948274,0.3640657410241641
559.0,12.977147468707617,0.0,0.08898194536878332,0.8921492421513119,0.22839513412500312,0.1638608723591825,0.5187620481470311,68.41152455746774,2.3346241680970072,0.18581862234302318,2.3430704846371313e-05,0.8141813776569768,7.959389165916921,1.6322334893319863,0.295121066151277,0.002298707705557667,0.09315876714731938,0.6117201667014036,11.826638975162263,1.4083361692531107,0.6668582280436623,1.663444476048487,0.8736076668155947,0.9990539951696619,1.1492320989079379,0.3761617731041215
560.0,12.977157040400003,0.0,0.09325556538647262,0.9362880819589874,0.22872447558210968,0.16455124630592433,0.5134687127254933,69.14140095587318,2.358208912249524,0.14459054128172671,3.082981352099319e-05,0.8554094587182733,7.6923237057529255,1.5459619989922324,0.30680560607477325,0.0043248529668563135,0.09322932946935747,0.5999650644558693,11.940588440236823,1.423314062807812,0.6671321013499395,1.8297064279519972,0.8939110670789455,0.9962223533060954,1.1679179084883833,0.31078149340632394
561.0,12.977179168086469,0.0,0.09245820591199752,0.9182869887366238,0.22896963296363937,0.1587207039130491,0.519851457211314,68.96661689255397,2.3554517585698584,0.15489339414579456,2.811081487153402e-05,0.8451066058542054,7.71946903868583,1.5611189227331506,0.29616432980658314,0.004082835032395871,0.09320544696224792,0.6106302232311689,11.929989825899453,1.4315934916482813,0.6663224357574538,1.7365313417722958,0.8865756289976379,0.9975018382641228,1.15948413651489,0.3649501273417465
562.0,12.977184316506653,0.0,0.0905698996436642,0.8879479278093103,0.2293058284182073,0.15638344534115242,0.5237408265969761,68.80040232873108,2.349118968031629,0.1703537521820244,2.6048561934876193e-05,0.8296462478179756,7.835628785036432,1.5891887076928606,0.303810641056209,0.0028742402381131773,0.09317405251354816,0.6030153064302429,11.88106792612566,1.4270937756902828,0.6654835199138016,1.647536096329722,0.8905130734733773,0.9985603990291188,1.154828409547688,0.38021184852049933
563.0,12.977184442100974,0.0,0.09031514373100781,0.9206353455888385,0.2296705839138841,0.16595834907929183,0.5140559232758162,68.94012443251732,2.3559295868759733,0.1549814093120154,2.8770660578771646e-05,0.8450185906879846,7.772875220083579,1.5473968404846912,0.289505463221212,0.004281187346867809,0.09320395109629004,0.617290585682498,11.905882150371122,1.4388042793372862,0.6663811543094248,1.7039490839552047,0.8821474439073831,0.9967237320813072,1.1637819381230825,0.3580621544563243
564.0,12.977189424111973,0.0,0.09235632575119541,0.9013615360494591,0.22863889521473543,0.1616690708508833,0.5173357081831859,68.7784822756811,2.3497147206805136,0.171732922346011,2.4554738123523805e-05,0.828267077653989,7.873711634782035,1.6126475803758011,0.3054741218707917,0.003186321317509052,0.09318800178695157,0.6013378763422568,11.851303852810346,1.4095436576934777,0.6671106651912475,1.6664733036039663,0.8764506660632312,0.9981659442629551,1.1544707263533007,0.3676097190180576
565.0,12.977190478539086,0.0,0.09303642238943176,0.9349880452326,0.22884990961643906,0.15528783858324796,0.5228258294108812,69.01461600213639,2.3576492232504203,0.15049562201594208,3.073795703911455e-05,0.8495043779840579,7.588190596471705,1.4982789025195673,0.29501340007019466,0.007094309804977943,0.09320193823903956,0.6117846616907658,11.989720265448227,1.4440463782437316,0.6668396158600917,1.637933784346565,0.9147669079949867,0.9968204678194559,1.1650908999680367,0.35546703451215167
566.0,12.97720242553698,0.0,0.09156159166715627,0.9230157468739669,0.2293259725671756,0.15782997033165364,0.5212824654340145,69.12145087582516,2.356857584068827,0.14847131126755686,3.259172931577027e-05,0.8515286887324431,7.620848548866215,1.5378626605913954,0.29697213533547084,0.004929851303300902,0.09321055141589074,0.6098173132486384,11.975620536092908,1.439535392709249,0.6666585953299817,1.7257900986687431,0.9007897021251101,0.996831091274095,1.1651231984777013,0.34367371275936737
567.0,12.977237379815962,0.0,0.0936275903090364,0.8981984742990633,0.22899239708181396,0.166431662716574,0.5109483498925758,69.22815849766911,2.3570501073870687,0.16741359214004828,3.231381536925658e-05,0.8325864078599517,7.849592657769346,1.5900673207929044,0.31537038999555866,0.0031036640669703528,0.09317611426632044,0.5914534957381209,11.919563462933688,1.4332867875536384,0.6673585347190962,1.8459536172748776,0.9007488842934631,0.9957448272519835,1.1538372436864806,0.36029031747848017
568.0,12.977250789687645,0.0,0.08945274587576739,0.9123936630052911,0.22944444668240108,0.15758493160742995,0.5235178758344017,68.87826276852704,2.351111119919798,0.15697830439110463,3.060003031296263e-05,0.8430216956088954,7.730591987935148,1.5522404700107666,0.2908609927172066,0.004169767525600542,0.0931858413720114,0.615953165910782,11.947456464827065,1.441225127207778,0.6654949053599017,1.7006752667600176,0.888652148741389,0.9975546817086902,1.1599897074127334,0.3581470216106496
569.0,12.977254725870573,0.0,0.09044073358424609,0.9138346593542132,0.22960376125834608,0.15636798474621938,0.5235875204111885,68.96504462925057,2.351632659416071,0.15524818022209338,3.1258308297318275e-05,0.8447518197779066,7.722544716551628,1.5543169128766148,0.2970092572929455,0.0039015272537044187,0.09317868764780696,0.6098120550592475,11.93848556462447,1.4407422817328173,0.6661754871418192,1.6893779242329596,0.9008239764366401,0.9977788563838106,1.1604355414502616,0.358940868638348
570.0,12.977276349261084,0.0,0.09185295033699095,0.9132718967649183,0.2293411698101899,0.1593988960348509,0.5194069838179683,69.03693909370097,2.355765521191313,0.15127141308067069,2.992438607173555e-05,0.8487285869193293,7.768665557808859,1.5608581914288224,0.2941374800069298,0.0040458135884777245,0.0932106169105489,0.6126519030825214,11.94306293636432,1.435736757775281,0.6660593596435799,1.7923955746459446,0.8886734639762236,0.9966020752926132,1.159530932403666,0.3298062277321503
571.0,12.977290870209274,0.0,0.09161250386553343,0.90607121359705,0.2291177717024552,0.1581768232458956,0.5210929011861158,68.87153956135235,2.3513308851380987,0.16419313893010118,2.7214617968233125e-05,0.8358068610698988,7.8027946899956255,1.594746598093276,0.30131866695100484,0.0034328421843615405,0.09318814604496861,0.6054931870040265,11.893158957447298,1.4220791610517483,0.6665063830146074,1.7085715522085447,0.88903920363846,0.9981271136769154,1.156532264613302,0.36558724447600166
572.0,12.977291142863224,0.0,0.09156159166715627,0.9143610723071354,0.2293259725671756,0.15782997033165364,0.5212824654340145,69.05643894403566,2.356857584068827,0.16962864072941236,3.259172931577027e-05,0.8303713592705876,7.620848548866215,1.5378626605913954,0.29698051228006805,0.005813234429459663,0.09318497283774059,0.6098345148821914,11.836095081261558,1.4044815523280825,0.6685843790531941,1.6618529208080746,0.9007897021251101,0.9972093815223404,1.1608995906428259,0.34367371275936737
573.0,12.977334184419478,0.0,0.09338749358265613,0.9164547421805438,0.22870851067218817,0.16221820073633247,0.5156857950088233,68.96346722424973,2.353138096210056,0.16216872108870542,2.6081668887677238e-05,0.8378312789112946,7.804543997500524,1.5579740772279476,0.3113937587757759,0.005166539507713594,0.09317935252749793,0.5954268886967262,11.859734162422091,1.418006871645259,0.6676016740172879,1.666599443247938,0.8980944278014833,0.9974403265321071,1.159303656084418,0.34901208604216305
574.0,12.977355839929205,0.0,0.09114672250076383,0.91615139483491,0.2298369397612574,0.15726913402928047,0.5217472037086983,69.28462168361271,2.3554813681415485,0.14769222251027442,3.306995739231759e-05,0.8523077774897255,7.648337240110147,1.55142290403172,0.3081288578844355,0.004467612857724108,0.09318989514638935,0.5986812469691751,11.977421267370724,1.4418494871316516,0.6661349230028649,1.7782029680418718,0.9177474496397465,0.9969940501197635,1.1624810773448555,0.32764948117364096
575.0,12.977392010822387,0.0,0.09418542397998794,0.9361299324966836,0.2285398468908784,0.16758878396987004,0.5096859451592636,69.16864581641993,2.3591872881457516,0.14624723490854924,2.9961672994522764e-05,0.8537527650914507,7.723104178171146,1.5556735581922996,0.31228956321431545,0.004143348394942241,0.09323854092366776,0.5944718958620169,11.921122566981424,1.4144431106407076,0.6676428333168717,1.8384550072546346,0.8885311752507508,0.9958813532493971,1.1694920846532293,0.29930070935023967
576.0,12.977404241452334,0.0,0.09270474455939634,0.9136566382770022,0.22958516303435492,0.15617526924906464,0.5215348231571841,68.97488279214535,2.353952783775689,0.1597470507655197,3.0040485671632472e-05,0.8402529492344804,7.671267787232265,1.5458929890476822,0.3038968222410218,0.004160036317716932,0.09319402258960245,0.6029091551693757,11.9568617496127,1.4405226236789765,0.6661148783452837,1.6946312702413975,0.9075401653476947,0.9975377427721006,1.1609549880648582,0.3552014972350862
577.0,12.977405385483031,0.0,0.09112894761693051,0.9109334347388722,0.22953533917049807,0.1596812201102119,0.5196544931023596,68.95780782002002,2.3517547813700954,0.16161949074967175,2.8501369491251638e-05,0.8383805092503283,7.824211191841654,1.582605431952393,0.29848025946335366,0.003844198245037747,0.09317959411466484,0.6083401464219815,11.877122827207979,1.4307186222004413,0.6662207115487768,1.7195663454605588,0.8935556241171397,0.9979617411012461,1.1564920063537898,0.36584340436600704
578.0,12.977413065019048,0.0,0.09171855913373232,0.9359449784631518,0.2289992100332829,0.16453187819214793,0.5147503526408369,69.02850927712608,2.3564498921426735,0.1439998664920092,3.1694739883037445e-05,0.8560001335079908,7.681325282359216,1.5365957401805823,0.29510813434107636,0.004736032673178549,0.09322850943865932,0.6116633562202644,11.94915813939619,1.430819640893323,0.6663160851748569,1.7845008135436942,0.8844277527958235,0.9960990610039078,1.168542870584721,0.3255655448849418
579.0,12.977413720743186,0.0,0.09056496420742567,0.9193320714384816,0.23008139354785614,0.15041405125525897,0.5289395909894593,69.23717537038357,2.363898989855262,0.13653638413412095,3.5676989886369666e-05,0.863463615865879,7.537127495933997,1.4947162618516496,0.28129915609102757,0.005035403363823244,0.09319742241565461,0.6255034214933178,12.05300963363474,1.4665781674532163,0.6643377082481484,1.6554665805104416,0.8886720294143259,0.996485286417663,1.1671135852716248,0.3710579153341692
580.0,12.977423026886498,0.0,0.09111082633139428,0.9145174201011165,0.22860124855328062,0.16386325260159393,0.5164246725137313,68.82476334029027,2.351992185587372,0.16356994235566386,2.5961264612791017e-05,0.8364300576443362,7.802120575255044,1.6015616559285788,0.31563801851875656,0.003098345352726367,0.09319251527084645,0.591169466210397,11.855691653061076,1.4062195766169663,0.6678059450939231,1.6749715011113517,0.8791357065331669,0.9976494144884328,1.157601072105396,0.3715554786432844
581.0,12.97742452636252,0.0,0.09289461925029022,0.8918402482417358,0.2283338553626208,0.16221490487041426,0.5165566205166747,68.93249234543745,2.3496013070176476,0.17107391674192457,2.578363345708056e-05,0.8289260832580754,7.862477187665039,1.6292251958401291,0.310967287015068,0.003032855562542685,0.09319253150571004,0.5958401814792219,11.899183734803826,1.4063515330904228,0.6663052930200148,1.7334328218458164,0.8748404788000668,0.9975402816399237,1.1553272522749236,0.34986440578797073
582.0,12.977425408647669,0.0,0.09151305354305256,0.8871860450970918,0.22973517832823365,0.1590452551208656,0.5197065130078482,69.24092460320962,2.361848424756125,0.15110594675283356,2.9926908435513643e-05,0.8488940532471665,7.764916409923874,1.627655827468104,0.2809429815836168,0.003692197658758019,0.09319744525214425,0.625859573164239,11.933263017833152,1.4125615577117463,0.6635041625591911,1.7141739367594646,0.8736723542861462,0.9972382998144896,1.1624279475953532,0.34514368323570954
583.0,12.97743296412169,0.0,0.09228205449316322,0.9572673949160271,0.22914637381319136,0.1553904010930267,0.5231811706006188,68.87113022934571,2.3524984565095073,0.14287673216044885,3.3627463513977805e-05,0.8571232678395511,7.566999793656141,1.4502223302791342,0.2938620361500216,0.008824610937730914,0.0932050831669225,0.612932880683056,11.968263129375504,1.460568832039343,0.6660916158859221,1.6118114751698198,0.9339971702385604,0.9966515727656639,1.1725338933326976,0.3601101278813068
584.0,12.977446398398806,0.0,0.09098783977114532,0.9225648011335424,0.2290981427593584,0.15685358737273172,0.5230604300967646,68.8611015007546,2.3450129123134342,0.15961063352637386,2.8047740331783993e-05,0.8403893664736262,7.795502638653323,1.5616908709640676,0.29833493516777415,0.0026715183843930308,0.09317061046068927,0.6084944543715366,11.935637004237389,1.4386501872633843,0.6669724922170502,1.7919396417641333,0.8971752069902412,0.9979108337783414,1.1557103439958742,0.3476613623320556
585.0,12.977465651930494,0.0,0.09801407038677716,0.8365189024613403,0.22509483572106903,0.18048375196089259,0.4964073419312613,68.66779352691643,2.3307039729085606,0.2325308928385251,8.928585008083556e-06,0.767469107161475,8.420845745658173,1.8712353803954098,0.3674143537324332,0.0009049577330006216,0.0931721321906884,0.5394135140768784,11.57400468909,1.2927110489881035,0.6710270200993544,1.6192165953342426,0.8496116230143107,0.9993919620885422,1.1368021124980974,0.3456718265678631
586.0,12.977469509545015,0.0,0.09031038670738492,0.8869624277401233,0.22935749894447416,0.15817505878409038,0.5221570555640505,69.13892386847834,2.354831640595507,0.1561444920035689,2.8667709856689138e-05,0.8438555079964312,7.79392203182209,1.6202651656633744,0.2804063497454111,0.0033154173640472864,0.093187003690369,0.6264066465642198,11.893478548608481,1.4141689401891462,0.6640401091946216,1.6864703613499419,0.8626164368514376,0.9977066967770833,1.1577473400000051,0.3601845826908284
587.0,12.97747297126468,0.0,0.09138831170065181,0.9268181022631947,0.22970579809834346,0.15867464762566955,0.5202312425753352,69.0282401936705,2.3547458272971173,0.15134449172900982,3.0132573892706244e-05,0.8486555082709902,7.706777264466645,1.5567045051116848,0.2979291650265652,0.0038941310688528387,0.0931989685811363,0.6088718663922985,11.937173005325567,1.4324778873781345,0.6660978738464495,1.7179162484922577,0.8982990129760594,0.9971717936308622,1.1644652098980868,0.34389506428521655
588.0,12.977475289200713,0.0,0.09118999297527937,0.9019527655582604,0.22958377111032532,0.15858635792803766,0.5206398779863577,69.01240684264548,2.3521074892482035,0.15761240949755267,2.887196212759198e-05,0.8423875905024474,7.793715100871125,1.593531665170304,0.2869045422331415,0.003237285402610205,0.09318352926789777,0.6199119284989607,11.907087140804494,1.4270503840325963,0.6653943730050799,1.7417717827277104,0.886122044517317,0.9978141941824219,1.156663437741085,0.3503545510643906
589.0,12.97748558255579,0.0,0.08813448770336439,0.9022500190767165,0.22877344877498906,0.16153335432452198,0.5215587091971245,68.62855329088512,2.3407009394413834,0.1703215827813495,2.6485171760740635e-05,0.8296784172186505,7.86793984030437,1.590311177246378,0.28231790904978654,0.0033953121310240386,0.09316491099364757,0.624517179956566,11.886119926680173,1.4252478880638502,0.6658731812516685,1.7223123707267012,0.8641323331413202,0.9982171645935761,1.1541656186156253,0.3694797199595368
590.0,12.977492288078249,0.0,0.09094105762009613,0.9208974311707019,0.2293877762543868,0.1617606234321287,0.5179105426933884,68.96463087107853,2.3546354558762537,0.1533288030900099,2.9964078163696706e-05,0.8466711969099902,7.760438997198849,1.5472904275456743,0.300707501582021,0.003750666879150816,0.09320686074154201,0.606085637676437,11.929113660821834,1.4364439313465462,0.6657044751724162,1.7829002975063608,0.8904203736520271,0.9969812749659358,1.1634259652773506,0.33726111593927094
591.0,12.977498597010538,0.0,0.09089658402994895,0.9099016592720763,0.2291910454051712,0.15709834737372597,0.5228140231911539,68.79720796847347,2.3512623404021813,0.16195170596124694,2.9898559979258544e-05,0.838048294038753,7.786247272111094,1.5651859149736393,0.29501188145991114,0.0033879372205722486,0.09317989542540409,0.6118082231146847,11.906830525086306,1.4286722179845113,0.665565411899639,1.710400874367465,0.8751468348426457,0.9976356977482069,1.158834641883266,0.3621258085331168
592.0,12.977507670734896,0.0,0.09053699405205266,0.9148419102871383,0.22916091666902344,0.16240370538359175,0.5178983838953322,68.90672745206517,2.3516623911122108,0.15581840906826344,2.9409147341210622e-05,0.8441815909317365,7.777433608434987,1.5676702297021086,0.29840123930157275,0.003690150623756132,0.09319711692712009,0.6084016437713072,11.91013831502002,1.4285603714648558,0.6661756104890222,1.7600552522914703,0.8863631170726185,0.997158186503751,1.1609774746330026,0.34837024188187493
593.0,12.977512073610114,0.0,0.09534898827143459,0.8937198523813359,0.22747965221783367,0.1687612438157043,0.5084101156950274,68.91155734418982,2.3450402803718573,0.18319720800307823,2.1254951701821656e-05,0.8168027919969219,8.015140806203181,1.6838231195314959,0.32605106396387057,0.004334141987616403,0.09319884135601479,0.5807500946801146,11.804702480960033,1.3791132023027568,0.6679074046798056,1.6554954145940188,0.8843425054715113,0.9976622074783245,1.1546414174327873,0.3402679292956964
594.0,12.9775240379575,0.0,0.09860814988770217,0.8703563148884359,0.2267859447979171,0.17463505522607714,0.4999708500883036,68.75388102279148,2.346613501379548,0.20752684076238867,1.762027524113304e-05,0.7924731592376113,8.140131641019686,1.785698267238911,0.3511660672420534,0.002864491402439754,0.09320616464249429,0.5556277681154524,11.654384903641038,1.325540179029395,0.6699489821430937,1.4666830259114734,0.8785343041468037,0.9985672279125452,1.1416640874547044,0.34678484916717045
595.0,12.97752799493695,0.0,0.08938544990274812,0.9094573718190222,0.23032811514604604,0.14666125723957596,0.5336251777116299,69.29465404485589,2.3662514111044746,0.13403558045118139,3.818527013460249e-05,0.8659644195488186,7.470142389883414,1.4614922856342174,0.2693660523104849,0.005638680579377829,0.09318574315794864,0.6374482045315666,12.100580671830567,1.486240060760633,0.6632066480422066,1.618752421735824,0.8813623909814227,0.996310703919165,1.168038369119535,0.3919598217764053
596.0,12.977537514441666,0.0,0.08822987291987744,0.9060123781719662,0.22862322778795555,0.1622211671418416,0.5209257321503253,68.4393298952136,2.3353499547769156,0.17207981603920186,2.5783381666338237e-05,0.8279201839607981,7.876005702470078,1.5985785757156117,0.2815837825525425,0.003203717090607062,0.09317106352466129,0.6252451539227962,11.887021218042909,1.4236092789140016,0.6662408784581668,1.6891775875967951,0.8656091014132103,0.9983454075746523,1.1544139792210917,0.37312195929666603
597.0,12.977543590455056,0.0,0.09027776882001923,0.9123203225276801,0.2293187773978074,0.15780566853106834,0.522597785251105,68.80240434371905,2.3499007668259217,0.15998689761506543,2.9457518852357345e-05,0.8400131023849345,7.743905953698184,1.565765745486418,0.2894132968796636,0.004020797215855013,0.09318760034798633,0.61739910277235,11.924166465275729,1.4341662694460315,0.6660614796598587,1.671470009237414,0.8829765222426511,0.9978099427977141,1.1583257794013242,0.3689750377519836
598.0,12.977564635194025,0.0,0.0930606014068148,0.9215964879046199,0.22966761042438977,0.15948144851086735,0.5177903396579281,69.00335675414654,2.3561664745133646,0.1561396934171257,3.0179382705802274e-05,0.8438603065828743,7.724427340240897,1.559563867709168,0.303390078985237,0.004357262064870975,0.09319739851832905,0.603412522496434,11.927093368795369,1.4377153472535074,0.6665671304969134,1.6832455236762542,0.9082789565643464,0.9972595566300976,1.160969883120504,0.36417417999027557
599.0,12.977576215156988,0.0,0.09117042086272183,0.9030181680678151,0.22862859593078874,0.16151458814770342,0.518686395058786,68.78524458668062,2.348357821396093,0.16571216113505585,2.530849437945208e-05,0.8342878388649442,7.8594535485627635,1.6014761912272513,0.2973506699171488,0.003312263019309183,0.09318751337148425,0.609461816711367,11.871716302994667,1.4166047258699277,0.6663417564040146,1.7264476651629237,0.8712094443466609,0.9979234795128402,1.1551520659878076,0.3689831055571383
600.0,12.977577228349844,0.0,0.09270743863563295,0.9067381286594209,0.22887153508411795,0.16208801826849706,0.516333008011752,68.90889751976842,2.354391336611717,0.16451201341980232,2.6303285252831727e-05,0.8354879865801977,7.829870802316549,1.5911804125993148,0.30634090409822934,0.004012262012798002,0.0932049503883286,0.600454145513442,11.881349737026763,1.415197510802686,0.6669915495249467,1.6929038358852093,0.8888134051817873,0.9973145149234253,1.156890310299317,0.3427233202818075
601.0,12.97758380386692,0.0,0.09088961112047315,0.9230459536190657,0.22965477345690272,0.1559017253117207,0.5235538901109035,68.98750658762478,2.356003490661944,0.15166341876777567,3.159341706901686e-05,0.8483365812322243,7.6748035079795125,1.5192818310136214,0.2891629318417251,0.0051839086650223975,0.09319535046815722,0.6176417176901178,11.963578387063514,1.4501127548572788,0.6658374002144088,1.706109532860311,0.891503349164118,0.9971303450221896,1.1630332249001345,0.35539191632061956
602.0,12.97759165539393,0.0,0.09350627744033671,0.909997924460984,0.2289547191143139,0.16052718040095748,0.5170118230443919,69.06917727083945,2.3575018949662985,0.152522310953826,3.0270874008290312e-05,0.8474776890461739,7.744559071560249,1.5664577873367904,0.2986640382293043,0.0031446816150459706,0.09321280129568488,0.6081231604750108,11.959077242146572,1.4286809156518938,0.6661489586760478,1.7810973722291603,0.8822851007685629,0.9967191671319586,1.159803673067609,0.33099094083225467
603.0,12.977599400608328,0.0,0.09180933469628547,0.9238221396034099,0.2295438899419563,0.15807031319213313,0.520576462169625,68.89675800334797,2.3566025337013836,0.1544531819311336,3.036414128806894e-05,0.8455468180688663,7.696789648720196,1.5341997233428868,0.29363086467782434,0.004852333274856379,0.093208475322504,0.6131606599996717,11.949793670852964,1.4409280063180383,0.6659743953714057,1.7006816896632784,0.8975549666377152,0.9971847704847498,1.16198469899795,0.35134089937888113
604.0,12.977600575962054,0.0,0.08924985328104057,0.9016024229081722,0.22901383968960537,0.15634033043921092,0.5253959765901433,68.78488716774123,2.3468558157283574,0.16257920511776353,2.8468866155972208e-05,0.8374207948822365,7.777717156246801,1.559800759304376,0.28047914009602,0.0032624635989875407,0.0931622025225667,0.6263586573814134,11.936974676422459,1.4376766595878137,0.6656229108442786,1.7161676064604103,0.8682141337295238,0.9980925938957204,1.1574785508628276,0.37589087757588396
605.0,12.977648335654342,0.0,0.09144666162578018,0.9248347297245351,0.2288810191600512,0.15639299064134454,0.523279328572824,69.0040216520158,2.350857660679067,0.17363805152620881,3.0340263520055716e-05,0.8263619484737913,7.684409004578606,1.5570690669421146,0.3159486810677128,0.004236076714353991,0.09319201161419177,0.5908593073180954,11.93648282623881,1.4322413329070647,0.6668074243306608,1.7142843314560556,0.8899363944100315,0.9979648490878515,1.1616452785670806,0.35078669499799026
606.0,12.977654455881634,0.0,0.0906929450685881,0.9243279149438111,0.22973650486118782,0.15617923729282976,0.5233913127773943,68.94909057829638,2.355466220853625,0.1524253675569992,3.113486707743376e-05,0.8475746324430009,7.682170377424944,1.513632551932692,0.28851496697509404,0.005366011058341658,0.09319448297970079,0.6182905500452052,11.96319072993405,1.4528556073062764,0.6657570387487863,1.7051480686065719,0.8914106850024079,0.9971522297557145,1.1629219811841927,0.35642407386907643
607.0,12.9777195300349,0.0,0.0932422903984354,0.9182343603828304,0.22878578795747023,0.16190679168218367,0.5160651299619108,68.98905024115989,2.3572157830256084,0.15593439489965769,2.8479732477732578e-05,0.8440656051003423,7.75381213919616,1.5603644263475844,0.3027607540989833,0.004081576542928848,0.09320829233155965,0.6040309535694571,11.918724351916847,1.4263513028272505,0.6663354398976603,1.7370391591481726,0.8834507945273571,0.9971174274971589,1.1614938228765552,0.3504103721387411
608.0,12.977723139834398,0.0,0.0927612974769158,0.914411493436808,0.22788073856480542,0.156982537765503,0.5223754261927759,69.23677700942162,2.347075917273643,0.15580163193859092,3.378364444901882e-05,0.844198368061409,7.767145657177822,1.5249776264631083,0.3093520460726918,0.006030567313085713,0.09316277267962536,0.5974851812476829,11.872227987815196,1.4335315467697196,0.6643371517503123,1.7612218086380507,0.8768220639984101,0.9976345499432704,1.160964776000767,0.35315054095747966
609.0,12.977723927257657,0.0,0.09243680850114994,0.9133028001805157,0.22940856806502868,0.1570105227289009,0.5211441007049205,69.06533523424159,2.3559811098578978,0.1600568616301909,3.104606526625388e-05,0.8399431383698092,7.702128632767719,1.559565969590755,0.3001362825096221,0.004452740519349233,0.09318804438429333,0.6066756731060845,11.899718912119596,1.4240287265308396,0.6670638659590828,1.719414940798345,0.900131797452336,0.9975228722413908,1.159758288942344,0.3496414248893724
610.0,12.977725663290512,0.0,0.09476217386822905,0.8654629393862904,0.2286576326832715,0.15506814588504808,0.5215120475634514,69.01103089052654,2.353044115502022,0.17029866223276452,2.746839460732113e-05,0.8297013377672355,7.8562545502883205,1.6421574788186235,0.30780982777123866,0.0010789143473226444,0.09318514587942887,0.5990050263493325,11.947436111265606,1.4155853353960366,0.6657841701307338,1.7283014460826511,0.8813951195349575,0.9980948366459742,1.1460361988157728,0.3534345583619042
611.0,12.97774286238245,0.0,0.09548500017403344,0.8954509193892272,0.22957623309023384,0.15097143671989963,0.5239673300158332,69.21755528861162,2.3570432886361297,0.160630498197429,2.981501114304323e-05,0.8393695018025711,7.7728282436315155,1.5867488810335169,0.2982740333545378,0.0027681227578891642,0.09316575243902755,0.6085602142064348,11.933898999698343,1.4332678389408706,0.6658089594769768,1.7626732047250837,0.8979811978726083,0.9981792404795018,1.1527958070228375,0.3571979558569773
612.0,12.977760083530384,0.0,0.09059464531485306,0.9112803968926986,0.22937098906110379,0.15796486448141872,0.5220695011426245,68.92979237362442,2.3507135979995786,0.15913190123612722,3.009856221462102e-05,0.8408680987638728,7.7497947612127795,1.5679315894189108,0.2983114076053107,0.003814298693556744,0.09318328904837157,0.6085053033463178,11.922010144238206,1.4334511124790459,0.6661361037634349,1.7161734763601553,0.8959113230289337,0.9977563598330264,1.1590328530066991,0.3564268164099722
613.0,12.977769423727096,0.0,0.09189297795666188,0.9365230477814596,0.22993986899944405,0.1534119508235967,0.5247552022202975,68.99871951019935,2.3595313499116317,0.1425963746732959,3.387948420764538e-05,0.8574036253267041,7.689215990899886,1.509462931074637,0.27184761972847016,0.00611082325013405,0.09320566923209991,0.63494671103943,12.014729720814891,1.4687624195842328,0.6641008744168408,1.6726893492825192,0.8911386533440893,0.9970895191814029,1.1674646759528509,0.3675363306493973
614.0,12.977769437306664,0.0,0.09323679738015656,0.9131389401069079,0.22935492126729157,0.15516565156371714,0.5222426297888347,69.20375009416746,2.3551148406258693,0.15638598519911479,3.118399010988689e-05,0.8436140148008853,7.72044656419765,1.5786314586379402,0.3129804223333243,0.00408292899925554,0.09318223636437822,0.5938373413022975,11.91526256044895,1.427899046111331,0.6671779666880172,1.7380898196635917,0.9167471894738877,0.9979079096476622,1.1602297870741518,0.3498092591511548
615.0,12.97778139599894,0.0,0.09316791637457715,0.899521144575625,0.22921604276970298,0.1553354534140139,0.522280587441706,69.04439361768313,2.3533219985246774,0.16311986051422056,2.873976013252109e-05,0.8368801394857794,7.7902565113702416,1.587386532155799,0.29637439011717764,0.002931960707978184,0.09317437690922271,0.6104512329735997,11.922520492673833,1.4280238893702275,0.6661003589315126,1.7659775327880762,0.8882411666270708,0.9980629382742144,1.154537221131183,0.3574552198502524
616.0,12.977787925170365,0.0,0.09093016744146297,0.9341005403121707,0.22988201078550663,0.1608675379479631,0.5183202838250673,68.97532426287614,2.355958116959406,0.15026174054509808,3.0148378422653947e-05,0.8497382594549019,7.696949552369944,1.5519942185745568,0.2978516610728895,0.003976674057849117,0.09320878188632263,0.608939557040788,11.935953806067412,1.4308277465091117,0.665942806782857,1.6986488860659628,0.9020166356848951,0.9969390630073796,1.1668491759304356,0.3373045197570862
617.0,12.977812454478807,0.0,0.09125030043557916,0.9045623554457993,0.22912211799961213,0.15958757047675687,0.5200400110880519,68.89080758594147,2.351522825100914,0.16273392906015238,2.6932728750512215e-05,0.8372660709398476,7.821663926419692,1.5888102678378146,0.298030195963327,0.00333671492075142,0.09318606789609514,0.6087837361405778,11.891534956639921,1.4248035894533766,0.6664933198351656,1.7291399479584157,0.8803610184332584,0.9979675921243987,1.1562671783453662,0.36241923853722297
618.0,12.977825021383367,0.0,0.08753990324132344,0.8987811476411534,0.22869433902773567,0.16429326989971688,0.519472487831224,68.54755088210999,2.3403864687804536,0.17526960725000063,2.647764031851838e-05,0.8247303927499994,7.8636531114745924,1.5780790168973837,0.2832679363729494,0.0036727280059584413,0.09316325087263634,0.6235688127544143,11.893739243513796,1.426878552787505,0.6654670497484053,1.7287862690009943,0.8660121629143285,0.9980381917030954,1.154730865790687,0.3639993089766906
619.0,12.977825136323277,0.0,0.09136170616844397,0.929204455146355,0.23012863801353034,0.15674070026269618,0.5217689555553295,69.04580590897292,2.3547262597409824,0.1498735455102988,3.0691746902844946e-05,0.8501264544897013,7.685924795501059,1.5670229131591078,0.29658971702362064,0.003282758479613945,0.09319770181338406,0.6102125811629954,11.938269172577709,1.4343444254731768,0.6661548124858292,1.6704282508639303,0.9101938026898169,0.9973876956107081,1.1632158620436432,0.3515592327541252
620.0,12.977854204302789,0.0,0.09053184795817569,0.886192946583027,0.2283729154657498,0.1615481721644695,0.519547064411605,68.5860666360092,2.3404755972055122,0.17907466177847595,2.2350190016940924e-05,0.820925338221524,8.003670539213152,1.6587941206407866,0.29294938145520155,0.0008176483623693913,0.09315916117044463,0.6138914573743538,11.801743791688505,1.4004882143644768,0.6669000033024945,1.6758842345617826,0.8543918480683744,0.9992399338072941,1.1473003115270435,0.38605383355953604
621.0,12.977858285220154,0.0,0.09140845753421403,0.8939281207066891,0.22967744931019898,0.15538136326909463,0.5235327298864925,68.99241151860687,2.353568762872379,0.15847212142942976,2.9759105398946384e-05,0.8415278785705702,7.820435407789711,1.5409146919579813,0.27264107961606404,0.003156916037074032,0.09318048730815297,0.6341784330757829,11.941668731545542,1.4529809268173146,0.6638327612717138,1.7881697768939129,0.8881832474596889,0.9981464004240166,1.1535244790820327,0.3314674544776043
622.0,12.977878054865235,0.0,0.08725204185204308,0.8898960174135373,0.22867448358810216,0.16540189883443931,0.5186715757254156,68.32875791935126,2.3327988399378423,0.1848206716020276,2.3625156648877963e-05,0.8151793283979725,8.00284869282778,1.6293695717668948,0.2883391249669741,0.0021377286634920007,0.09315136702747005,0.6185095080055559,11.810568475595959,1.409884350644354,0.6664853555045662,1.650888747722431,0.8618646249207529,0.9989739155523598,1.1490928387437518,0.37331582291586923
623.0,12.977889955138398,0.0,0.09416118077626585,0.9180675958050224,0.2296660731557413,0.1509837021952874,0.5251890438727054,69.1786003574455,2.350732972926237,0.1549543803150708,3.136779385495979e-05,0.8450456196849292,7.650437709729141,1.5861780355724866,0.3059529355399386,0.0027358237832227038,0.0931734448190316,0.6008736196410299,11.987043105971647,1.4317815465743138,0.6668639695725633,1.732814117008593,0.9406844195782249,0.9977146954361927,1.1583552901403111,0.3485284972107303
624.0,12.977892508433872,0.0,0.09181472648602737,0.919051641980118,0.22936728328444764,0.15674021713711211,0.522077773092413,68.91126945662853,2.3532854961855847,0.15630521001906109,2.930898609356489e-05,0.8436947899809389,7.748966679889115,1.5681601792986781,0.29733519464807334,0.003671036514156231,0.09319305912040103,0.6094717462315257,11.936517850632322,1.4333728587256303,0.6656841384194291,1.7283488444388828,0.9024112466232717,0.9976853107462111,1.1580424381630348,0.3595943795121406
625.0,12.977900163960594,0.0,0.08673134760492991,0.902568899565749,0.22864811987312378,0.16424079294181684,0.5203797395801295,68.48871002670775,2.33401891745471,0.17438231248080555,2.5695443840727975e-05,0.8256176875191945,7.888746421858118,1.5957427267772666,0.2870853747493073,0.0031301967004831585,0.09316344830019993,0.6197511769504929,11.879393946228015,1.4227809694723275,0.665994639986441,1.6894099128420623,0.8676179931799036,0.998244145112227,1.1550249005449529,0.3627720904602838
626.0,12.977906675373266,0.0,0.09151193270813586,0.923510445087695,0.22972428992601318,0.15658505248835505,0.522178724877496,69.08942601378786,2.3560653680674397,0.1614767654161075,3.245179042925197e-05,0.8385232345838924,7.622407463101581,1.550260969279029,0.2980184391615163,0.004816573232569105,0.09318918400644385,0.6087923768320398,11.870368113932447,1.4120976673675063,0.6678744042968202,1.6533851009345115,0.9102500718180007,0.9972818773269048,1.1625146457239877,0.34263148891584944
627.0,12.977927037184168,0.0,0.09366211459993477,0.9234050487085756,0.22871464913099754,0.16496604645391663,0.5126571898151511,69.0746236348651,2.358811106540728,0.15079882801826192,3.0027653413195982e-05,0.8492011719817381,7.745717102876679,1.5476036897023544,0.30743269751153335,0.004406112040477293,0.09321574253951889,0.5993515599489477,11.927627254778079,1.426371585169212,0.6662700075289343,1.7608186152151455,0.8828623096295101,0.9965108661573656,1.165706229225044,0.33130705021672185
628.0,12.977933110810952,0.0,0.08936023648006321,0.9099379982046936,0.22923929513160052,0.15774991272708527,0.523650555661251,68.76156845035294,2.3511484907285753,0.15581925004803385,3.134201040949475e-05,0.8441807499519662,7.664465724871986,1.5370132156304281,0.27976562605144173,0.004129162197862729,0.09318797425059352,0.6270463996979647,11.975506152741366,1.4420077929922117,0.6651216079836523,1.6998595448359284,0.8963871266893728,0.9973589159168448,1.1604487041529694,0.37232469407416346
629.0,12.977939196675788,0.0,0.09617729848648929,0.869787813281923,0.22634901108284972,0.17395004980807885,0.5035236406225821,68.82866342548888,2.34072039447828,0.19858582897871652,1.6473557951433993e-05,0.8014141710212834,8.153984992257964,1.7587251038566256,0.3456467208891336,0.002756335781186086,0.09320050487382196,0.5611527742370445,11.722809100907453,1.3398350895016835,0.6695066783619186,1.6513210339530429,0.8597564221585952,0.9978285079069842,1.1484151481152833,0.33033997446628416
630.0,12.977941446010886,0.0,0.0901513504462673,0.9008459432698558,0.22911758757646317,0.16078181555611268,0.5199492464211569,68.71645345880377,2.3484373947229065,0.1698087277472417,2.679231599281148e-05,0.8301912722527582,7.860296899214384,1.587223976949388,0.29187939329600576,0.0030122053402488877,0.09317707414809416,0.6149435325559001,11.864067723931672,1.4244800503664705,0.6660612379277272,1.6898905619973976,0.8774695282220915,0.9983271674567264,1.1533440133818973,0.37010103312559356
631.0,12.977952708606374,0.0,0.0982235395499204,0.8487581343052303,0.22500291600078592,0.18322846556386657,0.49354507888542715,68.75176559372382,2.333663373228779,0.22408271508425237,1.053915642218703e-05,0.7759172849157476,8.35999580028636,1.8478882724872319,0.3691074566733946,0.0017747941862789566,0.09318806796345523,0.5377044753631501,11.60161216556823,1.295469726565142,0.670975305460126,1.6173273118250258,0.8467609317771607,0.9985960129033027,1.14241749836656,0.33193457901684614
632.0,12.977960442876855,0.0,0.09112905171674399,0.9066812033466618,0.22963441613092594,0.15529567669643973,0.5239408554558903,68.97225566374863,2.3546957770694097,0.15559017384843774,3.022043014564048e-05,0.8444098261515622,7.775359933831245,1.521144724066299,0.27411361436804266,0.004588427892285653,0.09318103205393531,0.632705353578022,11.955492805017613,1.4566137879697338,0.6645740798618193,1.7585505386111908,0.8848460209081613,0.9977131652817095,1.157391038708794,0.3446265794417793
633.0,12.977964194293484,0.0,0.09224069658679639,0.9096560929904638,0.22919713776594708,0.15549678737796935,0.5230653782692871,69.00710548376902,2.3537822771515504,0.15440758778319635,2.9070377217216997e-05,0.8455924122168037,7.730881058917863,1.577170388756823,0.3004855154273247,0.004007153509372162,0.09319236267316684,0.6063221218995084,11.929926230771349,1.4313258441429753,0.6665497509794708,1.7156997727150123,0.8946204200794774,0.9978207589184384,1.15710459665355,0.36406185277473063
634.0,12.977973946860585,0.0,0.09441520865552122,0.8999990988612876,0.22917171414364165,0.1502566461177833,0.5261564310830538,69.25083733666693,2.362136934698343,0.15551090373254794,2.97814267406057e-05,0.844489096267452,7.668306058718806,1.5518711123661701,0.3035413995716198,0.0038263105568309233,0.0931828704630583,0.603275729965322,11.99728320598175,1.4442018073098835,0.6646308843965745,1.7968578969963431,0.9018957032612583,0.9975450688721919,1.1587399807239729,0.371125281520577
635.0,12.977978519093154,0.0,0.09219105950575593,0.9000293947891802,0.22912984461248187,0.15865619305968268,0.5200229028220795,68.94008132856834,2.3544228608247018,0.1611441321371857,2.8568390310664453e-05,0.8388558678628143,7.793452480635532,1.582111759762924,0.29852447950538824,0.0028968562742594925,0.0931940468105994,0.6082814736840123,11.928060020642075,1.427609503394605,0.6659808108385924,1.740205514304833,0.8822018998639659,0.9975396583791614,1.1558161865786227,0.35428328185422264
636.0,12.977985095416035,0.0,0.08994639269534273,0.9034615409926166,0.2293741486474156,0.157645665647003,0.5230337930102388,68.68055182690028,2.3496314325047765,0.15990227564002307,2.8120239956983152e-05,0.840097724359977,7.776852523827417,1.5672453889778266,0.2932705490141751,0.004617717749455752,0.09319435595124279,0.6135350950345821,11.92055783401328,1.436342274011091,0.6653968369967156,1.644954216057115,0.8793368879033012,0.9979562494732808,1.1566250760274324,0.3699519619740617
637.0,12.977990192961268,0.0,0.09373174206767529,0.8940376455433499,0.22902702104121425,0.15722280391562676,0.5200184329754837,69.06464969700822,2.3569562529777905,0.15870012991118182,2.9925917815646688e-05,0.8412998700888181,7.769707437516313,1.5820796316051524,0.2983202874118993,0.002543065987950059,0.09319860550093108,0.6084811070871696,11.970178767475442,1.4311820058955382,0.6658464868234177,1.760849644184367,0.8837416661067078,0.9971997861353363,1.1548665405516112,0.34405947012547805
638.0,12.977991739980832,0.0,0.09142815782120958,0.9048194032850643,0.22903845991212585,0.15982813359181663,0.519705248674848,68.75791595671618,2.349730182877708,0.16822565990385172,2.5644769437976987e-05,0.8317743400961484,7.849475178454485,1.6068284889147646,0.30074376618632975,0.003194857167665678,0.09319129454142971,0.6060649392722406,11.867111188440187,1.4175222635911107,0.6665589909712102,1.6900658210648998,0.8838130029473075,0.9983598818380255,1.154772592365053,0.37034933681261245
639.0,12.97803270389344,0.0,0.08914837455673964,0.9144472839460849,0.22968894213802948,0.15591638823359005,0.5252462950716409,68.86371260615411,2.3512209502325403,0.15534094226186895,3.0889363946653076e-05,0.8446590577381311,7.725902524678174,1.5475960410200154,0.2969127775511718,0.004192903515356987,0.09318650420508495,0.6099007182437433,11.956942569890153,1.4468349693415763,0.6651447515372554,1.6857065461398175,0.8918420275658131,0.9975556603337068,1.162034057567143,0.3636521228899014
640.0,12.978045746912722,0.0,0.088716062673394,0.9069793341215471,0.227946953784096,0.16706829248612678,0.5162686910563832,69.18250236282378,2.363954890757496,0.18252665054067913,2.6428610798960067e-05,0.8174733494593209,7.992936548884767,1.629411334198677,0.29267467110437206,0.002914587253847769,0.09318182223113446,0.6141435066644935,11.67650443654539,1.3754127950913726,0.6645475633150579,1.7038919903103307,0.8684247133572647,0.9978583560998934,1.150425451957044,0.36569142699416246
641.0,12.978056084738608,0.0,0.09323775673647389,0.9129215776023021,0.22895123486514996,0.15659821001372673,0.5212127983846495,69.0959775643897,2.3483599654539704,0.16405964771919562,2.9536361963938657e-05,0.8359403522808044,7.750402150602045,1.5942388331206356,0.3177094234034552,0.004053038487583709,0.09317062664762324,0.5891199499489217,11.912730691163707,1.4207267630205558,0.6683543455914175,1.7475676412659058,0.9148608024940692,0.997923598630845,1.1598502243281712,0.34848654969890364
642.0,12.9780589257137,0.0,0.09032585777101448,0.90790740370187,0.2294869184390277,0.15761130666372702,0.5225759171262307,68.90878450293872,2.3498609527026915,0.16108511901482497,2.98803776772516e-05,0.8389148809851751,7.725603980807468,1.5451234002004544,0.3010296876166797,0.004740643614736542,0.09318309372557014,0.6057872186577502,11.92688318326212,1.4403336447816142,0.6663787064950634,1.7273959129789875,0.9005967864448177,0.9978067762553822,1.1597677900363392,0.35650171298377026
643.0,12.97807034118798,0.0,0.0928949218039062,0.8980569574134508,0.22913261636297289,0.15907901104142066,0.5188934507917002,68.97593379084196,2.356876281091189,0.16032133372381163,2.904698539718275e-05,0.8396786662761884,7.786395769179863,1.5780921001974426,0.2981148730195611,0.002741508907427389,0.0931984135651303,0.6086867134153087,11.938496630256132,1.4286621727388473,0.6658870888253825,1.7403202994378542,0.882297586726608,0.9973258001469614,1.155422377062137,0.3487019906347493
644.0,12.978092863040713,0.0,0.09068677405486837,0.9500981340272172,0.2301003303127984,0.15322455673498,0.5259883388973533,68.97206041695577,2.360497314802343,0.13647914546543058,3.51549529156867e-05,0.8635208545345694,7.6264606791467155,1.4975919797978252,0.2843294647541767,0.006867466145663764,0.09321602359302478,0.6224545116527986,12.036226045765904,1.4725275892288434,0.6645494866959596,1.6388904261040094,0.8907326479583229,0.9965477080945776,1.1730755056262172,0.37976075416727295
645.0,12.978093768922083,0.0,0.09146439507996186,0.9113936459416373,0.22965126540286807,0.15702754548874684,0.5218567940284232,68.99303001975514,2.354868304132959,0.1524807188458371,2.9532735950745808e-05,0.847519281154163,7.727587185330549,1.5424537718371911,0.3040117433767387,0.0034022101463820776,0.0931994167259254,0.602788839897336,11.923839811881571,1.439602745124675,0.6654869663872383,1.7276860506888725,0.8995725292389722,0.9975159717027025,1.1628040817771277,0.3530131526990716
646.0,12.978099484598896,0.0,0.09330679164711933,0.8822165863550661,0.22866575790492066,0.15959739853964328,0.5184300519083167,68.95364308062881,2.3469379249996747,0.1619493664437012,2.7129584490730105e-05,0.8380506335562988,7.931415364509206,1.5826435096724074,0.267701962486898,0.0018354910636746045,0.09317936385015257,0.6391186736629494,11.911277984535433,1.4350610984934584,0.6638582963834287,1.8389429138122946,0.8685785724083542,0.9984295386468929,1.1512673787227186,0.3145615214523081
647.0,12.978102535027478,0.0,0.09159241373775447,0.9360782461441726,0.23004029940819265,0.15503356234054277,0.5233337245135101,69.1128926389141,2.3610211361947147,0.146490877822331,3.305762329741436e-05,0.8535091221776689,7.74116701645627,1.5246250306975224,0.28358354275796244,0.004184637188328218,0.09320018353693241,0.6232162737051052,11.958416787632945,1.4574372756792848,0.6652533740427513,1.7277062080980548,0.9101984252950885,0.9964094257042584,1.167791914031628,0.3576757641177817
648.0,12.978132672577706,0.0,0.09296041664691818,0.8821078920972103,0.22928109883968595,0.1524021487416201,0.5253563357717758,69.08333946052555,2.353274231603677,0.16105746041634333,2.8996702283428864e-05,0.8389425395836566,7.8354075790163495,1.5635671863542802,0.2704045932595805,0.0022603991275040934,0.0931698989634694,0.6364255077769501,11.9718095161381,1.449316896388604,0.663808670952398,1.8098730357466934,0.8780029405236727,0.9983529911153972,1.1502832474178437,0.3363416635441506
649.0,12.978136448393684,0.0,0.0934699259349974,0.9017562607904874,0.22945096661418768,0.15506097563051918,0.5220181318202958,69.12349123793585,2.358164168253104,0.15801384373658417,2.9959313080797224e-05,0.8419861562634159,7.728622916286259,1.55524752302197,0.3057352071140734,0.003549476821586867,0.09318146759220691,0.6010833252937197,11.967360247257947,1.4409737206098772,0.6663613729132116,1.753909792689445,0.917985032427475,0.9973065451308125,1.1570311644728748,0.3447559073828872
650.0,12.97816232122342,0.0,0.09296146695756817,0.9193192268758579,0.2289219127168563,0.16203846744026545,0.51607815288531,68.901499477181,2.353101446225493,0.1581955341077263,2.710195623941744e-05,0.8418044658922738,7.7855994989568575,1.5545822500586561,0.30458511689198675,0.0048184097497020175,0.09319288964373636,0.6022219934642769,11.876814922469901,1.4229391417864428,0.667075015619649,1.6949217257781335,0.8919194348142596,0.9973052008083183,1.1596216512496276,0.3481244830763699
651.0,12.978164018763533,0.0,0.09526266029142035,0.9043629235542863,0.22929077031130313,0.15470255113637238,0.5207440182609042,69.15765463243449,2.3545499603298308,0.15937838386776543,3.065340250724208e-05,0.8406216161322346,7.691468146206667,1.5722856706639743,0.30753117599630814,0.003177807741662342,0.09318275303431292,0.599286070969379,11.958516906733799,1.4324480076622108,0.6673812435054329,1.7565746058645262,0.9159658285233827,0.9974591130037502,1.1568619356569152,0.34706918090440697
652.0,12.97816938007944,0.0,0.09083151154331093,0.9081183547761089,0.2290789809369583,0.1582674885875489,0.5218220189321818,68.8601801451403,2.347801199745297,0.16326713024020373,2.8585594267822263e-05,0.8367328697597963,7.764040890371615,1.585019121273818,0.29881184760980345,0.003842987811339491,0.09318436360889777,0.6080037887812988,11.91522971987766,1.4267955787614919,0.6665341240005411,1.7269675700501992,0.8928421180854953,0.9979514380588084,1.157624851805234,0.3619679790499361
653.0,12.978188264912946,0.0,0.08731194522791563,0.9076209975459772,0.2289314297980965,0.15908858030644063,0.5246680446675472,68.64931775330587,2.3415865024117233,0.1636890659397764,2.8174491421367322e-05,0.8363109340602236,7.821407132717315,1.5650560772498157,0.2775051583478158,0.0038613527679930504,0.093157956908524,0.6293368847436602,11.906458851858407,1.4353095478125442,0.6656186797551291,1.718445230416602,0.8648165974875069,0.9981468414459305,1.1556677548037433,0.375189007113654
654.0,12.97820526618069,0.0,0.08984295309004134,0.9080146308270091,0.2292574665426422,0.15717212539146816,0.5237274549758484,68.78044389394819,2.348383063371916,0.16095157871013074,2.868051359386261e-05,0.8390484212898692,7.786668151048038,1.5698408867468143,0.2882576118418899,0.003608514218720071,0.09317909424191369,0.6185632939161964,11.90492319199699,1.4335918483575039,0.6657740060349285,1.694783261312355,0.8808850560220355,0.9979754962405745,1.1555023836155551,0.3687476336767679
655.0,12.978211217431921,0.0,0.09040243087234819,0.9085813066184532,0.22935637794338098,0.1552756130828942,0.5249655781013767,68.99991198153599,2.358480670511416,0.14693114871368163,3.302957611987226e-05,0.8530688512863184,7.653112068859917,1.5182368916476368,0.3019872626267133,0.0057178674591665535,0.09318941860299826,0.6048233187702885,11.983011969877872,1.447707303700582,0.6652454643065455,1.7026673047630685,0.9034678657740897,0.9968886095155283,1.1636754860263516,0.35468039836995485
656.0,12.978219833346158,0.0,0.09299818690964812,0.8487954492709352,0.22563660790733822,0.17297061604055147,0.5083945891424623,68.37592867300371,2.318411117944398,0.21494025260592242,1.1742398497208188e-05,0.7850597473940776,8.34845166497188,1.8089953541267323,0.3354654221118862,0.0009978146847275163,0.09314643648532672,0.571388141402787,11.667361744480889,1.3324928283065294,0.668424199889954,1.7069844997915786,0.8366947525685842,0.9991497572354548,1.1419057848081295,0.3631711700863547
657.0,12.978223525152789,0.0,0.09122629989218922,0.9161863087803505,0.2294656545813507,0.16086364795821562,0.5184443975682445,68.93560346740955,2.354268844297212,0.1571255570372066,2.879537804367861e-05,0.8428744429627935,7.771379581872308,1.562291600639153,0.2926894912851675,0.003770458636282549,0.0931946383997732,0.6141158703150592,11.91978827047981,1.434830484738628,0.6660134971308513,1.7246184878555073,0.8895104672868909,0.9973123886063238,1.1598953768995763,0.35888329899267213
658.0,12.978240861566587,0.0,0.0935971719874344,0.9053868197982069,0.22904837891196664,0.15828767882168088,0.5190667702789181,68.89139683319559,2.3512274276049614,0.16731182617555257,2.7159047921014405e-05,0.8326881738244474,7.803320274688122,1.6075688584879069,0.318406880615723,0.0035475571156749317,0.09319496493544253,0.5883981544488346,11.899825726962874,1.41356412934996,0.6671156905907123,1.7352280682252665,0.8953328999884927,0.9978593033826706,1.1581665911479662,0.35693881612194045
659.0,12.978269890853383,0.0,0.090249153717386,0.9046786408617675,0.2293320327087983,0.15761704063871868,0.5228017729350971,68.82741031293929,2.3486763450725716,0.16347085700073902,2.8977302190063958e-05,0.836529142999261,7.757626178459056,1.5595953842821422,0.2953620646728406,0.004106512356928499,0.09318306007806233,0.611454875249097,11.9279828624283,1.4370137866362278,0.6661686524530168,1.7299971350800314,0.8901914829697992,0.997903098435263,1.157514538178212,0.36114776040576746
660.0,12.97828624930312,0.0,0.09249646188814031,0.9022351664840211,0.22939423440168316,0.15512064805806064,0.5229886556521158,69.02016282782716,2.353702866741034,0.16021732814190476,2.963342143930782e-05,0.8397826718580952,7.762316254492636,1.5772992060642428,0.29777262636966867,0.0030236057854993374,0.09318136448422162,0.6090460091461097,11.950258161678661,1.4355671266938343,0.6661191189024432,1.7530672072423947,0.8930106496834909,0.9977760301920646,1.1543439870417698,0.35506874157881313
661.0,12.978287489779593,0.0,0.096899485270034,0.9042720899184344,0.22907656820685174,0.15564263668529016,0.518381309837824,69.25634752644,2.350866348771077,0.16466864045961438,3.119648625495212e-05,0.8353313595403856,7.671488381921761,1.581434354632913,0.3126165354210397,0.002674062607505824,0.09316395331086173,0.5942195112680987,11.950441069640354,1.4254611511102508,0.6682206093328387,1.7731991040650827,0.9341077469698953,0.9978629655585076,1.1567200611313257,0.3444466502082562
662.0,12.97829240926262,0.0,0.0946715630260507,0.9098005945664527,0.22909394393149757,0.15884854508411175,0.5173859479583399,68.9859993098919,2.3546084766276945,0.16737390002430408,2.640075302672624e-05,0.8326260999756959,7.784336724529206,1.6127635550322168,0.3201042464802953,0.003906952154623385,0.09319901447602905,0.5866967390436757,11.890659505399755,1.4078323755706426,0.6680891965003154,1.7273414857204263,0.8944725121199733,0.9978935609858042,1.1602811378253075,0.3595258357313891
663.0,12.978305177477566,0.0,0.0917853555436757,0.8944645372223388,0.22962704803975448,0.16029099624509396,0.5182966001714758,69.00703721466049,2.3588328542952883,0.16696148066533437,2.765877945687266e-05,0.8330385193346657,7.83931561824489,1.5696096499637266,0.29231503175882,0.003332280425519219,0.0931840791893344,0.6145008890518455,11.892613529506866,1.4339701323748273,0.6649427560657531,1.7408557397889721,0.8860769200208343,0.9978648658505902,1.1536882547787488,0.35436607463356956
664.0,12.978306015270654,0.0,0.08790226818937352,0.906604140697476,0.2298915080854661,0.1505762460046992,0.5316299777204613,68.78186770021975,2.3461084145076994,0.15858861373434163,3.091241141091924e-05,0.8414113862656584,7.738113689113894,1.557791787046268,0.29658493154789134,0.00400282206995757,0.09316897126880716,0.6102460971833015,11.95992293378669,1.4539010544618538,0.6645979124799519,1.6500835775565084,0.8961616283416479,0.9982686221466958,1.1587547382431724,0.3848621339338566
665.0,12.978311670566464,0.0,0.0918714655071921,0.9088409214512316,0.22901213202047213,0.16061429662015253,0.5185021058521834,68.90271395417435,2.354087260380587,0.16113618221670828,2.6897222719488878e-05,0.8388638177832918,7.799325242700348,1.5860531087893672,0.3032681824804301,0.003549089507922506,0.09319771380627573,0.6035341037132942,11.891669321032081,1.4205668754158585,0.6669154613343282,1.7260339032213792,0.8805360017182753,0.9977171106373864,1.1588129024291707,0.36065601926159274
666.0,12.978316921422639,0.0,0.09318273402228044,0.9087806279716737,0.22872363428314535,0.15961116192707564,0.5184824697674985,68.90297934965098,2.3557616734812905,0.16251674672230215,2.8161027425578285e-05,0.8374832532776979,7.798165933587736,1.5862307765398103,0.30288760629729844,0.00447139152831234,0.09319465373293341,0.6039177399697682,11.896701048674231,1.421964097275924,0.6663888870404977,1.7053040920025992,0.8862123162308952,0.9977956190847825,1.1561125979440678,0.37428853460431727
667.0,12.978330135400052,0.0,0.09835056755981506,0.8623706900439911,0.22797366666170862,0.16504428369847343,0.508631482080003,69.00303271648104,2.3545376135395055,0.19233179562547453,1.9630097511028257e-05,0.8076682043745256,7.994456267291186,1.6954430633098454,0.3437867598035071,0.004548409859840754,0.09320890506857155,0.5630043351279214,11.75325868674062,1.3678413584985025,0.6683494909914317,1.6185706578031773,0.8816523514742887,0.9983137160946751,1.1506015779803858,0.3551950162758043
668.0,12.978340008962068,0.0,0.09291055892962723,0.9234819350783778,0.2289207950743762,0.15993592448481567,0.5182327215111809,68.97111002062775,2.3571826919341814,0.1548584533747453,2.9460205171522064e-05,0.8451415466252548,7.708592101137722,1.539182270519588,0.30037570090243354,0.005091223525087272,0.0932058301620855,0.6064184689354809,11.939806055333424,1.4324396462147513,0.6664702329999178,1.696091708005362,0.8939285757429056,0.9969957866821725,1.162918885595127,0.34925809046912204
669.0,12.978364924553572,0.0,0.09460513322701965,0.9055304418200714,0.2293087309729461,0.15435853055603682,0.5217276052439975,69.46084378208907,2.359641551359759,0.15644535842325694,3.2790935734439426e-05,0.8435546415767431,7.756180401113735,1.558136727781958,0.3124129016671963,0.0032740785529969483,0.09316709138829453,0.5944200069445092,11.949405886575185,1.441377965549508,0.6665046475800653,1.875714478962505,0.9238416070988134,0.9976851170720518,1.1610696485251268,0.3375585509275984
670.0,12.978367098750443,0.0,0.0935040389651473,0.9143241971097193,0.22843605878413642,0.16133515543939284,0.5167247468113235,68.85449646956113,2.351401219890292,0.167058386998668,2.545940297067821e-05,0.8329416130013321,7.813039318217967,1.5886486512394888,0.31139401984090054,0.0043201921559891335,0.09319351960598843,0.595412460553111,11.875764236818249,1.411757071539308,0.6675292800122961,1.6590642271655056,0.8901487222020789,0.9976839661141033,1.1580649496530582,0.35882594035586746
671.0,12.978374055681424,0.0,0.09081788540138662,0.9240472923613592,0.22905158015821606,0.16818262309701532,0.5119479113433821,68.7917614150748,2.352425456498091,0.1549605170831557,2.7770059025227536e-05,0.8450394829168443,7.769204037538348,1.565365387497893,0.30071495707123913,0.00350250144261992,0.09321997623341997,0.6060650666953409,11.869580216222078,1.4134683854942298,0.6662861413333057,1.7479800960570837,0.8846634177740575,0.9965997081547613,1.164409680765189,0.33282096740005485
672.0,12.978390072264787,0.0,0.09216126790425339,0.8865245156061995,0.22849302911092667,0.16095928847338753,0.5183864145114325,68.79462137665183,2.3523120041430605,0.18441046264405955,2.395124511410501e-05,0.8155895373559405,7.902152629538915,1.6423306403227946,0.301989049930227,0.0034154797853274198,0.09318606474261285,0.6048248853271602,11.841910587139044,1.401378679913694,0.66682525433311,1.6329915878899004,0.8624399078113669,0.9981855834588346,1.150238296055087,0.3843740470386794
673.0,12.97839400962953,0.0,0.08958942360233385,0.9060020309389142,0.22910474887088833,0.15914588199864715,0.5221599455281306,68.66463198907003,2.3459857612743673,0.16635496012667333,2.7785941616050034e-05,0.8336450398733266,7.828230632277451,1.5778925093991056,0.2839834576548061,0.0034002711529971183,0.09317933291767252,0.6228372094275214,11.896658779958305,1.4314458863879613,0.6658409870025732,1.695750799577119,0.8733620821264555,0.9981996394392183,1.155132548290882,0.3729408617756947
674.0,12.978394197513746,0.0,0.08903886960465313,0.9080069115280525,0.22933885110968727,0.16035612371180688,0.5212661555738527,68.7737058071164,2.3437908498510076,0.16128610140760566,2.75493394653777e-05,0.8387138985923943,7.839596886519802,1.5888966232338755,0.29043199601834524,0.0030624289277760247,0.09317034914725936,0.6163976548343953,11.88861811499695,1.430464600440374,0.6659873086334296,1.729766126282525,0.8816595357396643,0.9980566139232436,1.15438250662906,0.36187403960230335
675.0,12.978398144913083,0.0,0.09137861175777522,0.9075189373011884,0.22932472875396395,0.15713834405887012,0.5221583154293908,69.01524156545923,2.3543337745237443,0.1683430150695268,3.102041491034095e-05,0.8316569849304732,7.68714017236961,1.554901682127942,0.2939156606295731,0.00482870129814104,0.09317848932006065,0.6129058500503662,11.86137038168488,1.4135583036917978,0.6676228625391695,1.6853396026707914,0.8936217798201185,0.9975557953754037,1.1577599127060731,0.35048730624578084
676.0,12.978402837366271,0.0,0.09024293285245251,0.9175913207378783,0.22983592117161505,0.15346521511406208,0.5264559308618704,69.07480330813044,2.3591585917614313,0.14325854129563448,3.3448780668243234e-05,0.8567414587043656,7.612088136773302,1.5145288934474312,0.2825393319754141,0.004658683375755125,0.09319546890396677,0.6242651991206192,12.011385635603819,1.4571455528756874,0.6647513303722519,1.6734967818642446,0.884780239109465,0.996833586551675,1.164439650918231,0.36909258292517727
677.0,12.97840341027232,0.0,0.0933536598968987,0.9306938378655777,0.22937430141624898,0.15249403833566372,0.5247780003511886,69.15729904128145,2.3593193770878633,0.1403409212154549,3.160846162467718e-05,0.8596590787845451,7.6178556204924,1.5501226035922726,0.29778694716004517,0.004524368848390943,0.09321571159850046,0.6089973412414544,11.960628802520628,1.4372902745385225,0.6675524867205359,1.6833097638122507,0.8992955913393226,0.997148617088139,1.1624311390416953,0.3605776959495332
678.0,12.978428470387744,0.0,0.09177496685966394,0.9084417346756344,0.22925946175287978,0.15804992255412986,0.5209156488333265,68.98978897358748,2.3582507627577374,0.15540849336253498,2.939609052671281e-05,0.8445915066374651,7.76055974914062,1.5513360072969413,0.29769272734999525,0.003982703942721738,0.09319432146254757,0.6091129511874571,11.959398733180832,1.4411879491061554,0.6659690506364545,1.7411975932400519,0.8987075724844868,0.9971293247444233,1.1590655632606595,0.35144912451703014
679.0,12.978437067667333,0.0,0.09144344787317196,0.9355916136584181,0.2303833879176306,0.15415608021254806,0.5240170839966495,69.0776919322183,2.354545809471153,0.14663808872642242,3.151904252768001e-05,0.8533619112735775,7.646425590371694,1.570292555376144,0.29874267805231447,0.0030283323900766696,0.09319882594476159,0.608058496002924,11.950010109513041,1.4338191096700377,0.6660939111100199,1.6480870932605867,0.9214301921040431,0.997500067755649,1.164161864479985,0.3488503007596777
680.0,12.978439686602819,0.0,0.09115801348382128,0.9067129658331146,0.22909363332706428,0.16613386921740286,0.5136144839717115,69.44322088733826,2.3628466672023314,0.14682609757509735,3.226328444574724e-05,0.8531739024249028,7.6668867586485305,1.5561409163369349,0.3109732257748291,0.004057565697443338,0.09321850347380158,0.5958082707513694,11.99684520707502,1.425240516977694,0.6650845227098794,1.8264783313022708,0.8815552571439922,0.995724225232856,1.1653168084280425,0.2960152316209271
681.0,12.97844022324823,0.0,0.0926168332910647,0.9119353083359305,0.22832408035408455,0.15707367860217009,0.5219854077526808,69.17529767579215,2.350821138631737,0.15424127494477033,3.296143103280432e-05,0.8457587250552296,7.753302808388383,1.5344283549579396,0.30266876552634187,0.005120742173642861,0.09317567471562692,0.6041555597580311,11.90950042487609,1.4356410228857963,0.664809638086958,1.759328818445379,0.8770550538063029,0.9974055512682011,1.1602239260232956,0.35112334852426785
682.0,12.978447892227578,0.0,0.08767555801101734,0.9139903912081708,0.2292700783853846,0.16078492228583302,0.522269441317765,68.74440082651176,2.3451983553496127,0.16073068026527365,2.9880697959252218e-05,0.8392693197347263,7.756335413521565,1.541365279346219,0.2889417322239336,0.004276014576254067,0.09317031628645236,0.6178879514896141,11.93644302898453,1.4440941965310818,0.6664958407446593,1.6964478940269465,0.8841456120280635,0.9976371151398036,1.1615023758878742,0.3633165205677188
683.0,12.97846235588942,0.0,0.088985050989835,0.9007005680242612,0.2287498065832925,0.15748714669548752,0.524777995731385,69.12879189577501,2.34372787630737,0.16128010650957175,2.7086280409098073e-05,0.8387198934904283,7.833185836879494,1.5810797272104602,0.29244067347692937,0.003457502626893021,0.09314164885216797,0.6144176776709026,11.853673713155416,1.4240393311235287,0.6671392486363414,1.7533810399586236,0.8722372910834116,0.9982734732141105,1.154100090192102,0.37047576952274297
684.0,12.97848087087823,0.0,0.0923498383609765,0.9232468170457999,0.2301977130200595,0.15305742060701388,0.52439502801195,69.0852373755132,2.350772672126709,0.15670821719287215,2.9642463666868756e-05,0.8432917828071279,7.7071776440714155,1.6012013229950597,0.3065069102813389,0.0022502301760857577,0.09317973178234246,0.6003133579363187,11.923223725529535,1.4238671989639262,0.666164363581066,1.6681379341608848,0.9331300803380558,0.9980466933986969,1.1603654204714335,0.3502675331415367
685.0,12.978484602284494,0.0,0.0931589235300596,0.9038008538287177,0.22912625072760745,0.1498713904054783,0.5278434353368547,69.0111549848535,2.3512905447125156,0.16082902199397853,2.985384098684858e-05,0.8391709780060215,7.73395171028926,1.5915985045127972,0.3002842679105993,0.0033435562348714774,0.09317564787002196,0.6065400842193788,11.971036824838855,1.434960077520738,0.6664432183607312,1.750641759516765,0.9034104560891125,0.9982790247066512,1.1555390491799797,0.3748333805507229
686.0,12.978486026138848,0.0,0.09329189852164337,0.9087806279716737,0.22917627365097004,0.15619234654994132,0.5213394812774452,68.96985069706125,2.3557616734812905,0.16251674672230215,2.8161027425578285e-05,0.8374832532776979,7.724816686987466,1.563103895958828,0.2994053987534536,0.00447139152831234,0.09319473879792554,0.6073998624486208,11.924156871159637,1.4347969920918238,0.6663888870404977,1.7053040920025992,0.8963686327468359,0.997909237736821,1.1561125979440678,0.37428853460431727
687.0,12.978489660613949,0.0,0.09276620276942313,0.9055144426307331,0.22940045689318123,0.15708821848458818,0.5207451218528074,69.04996798864407,2.356193550610786,0.1570858450773795,2.993083329302106e-05,0.8429141549226206,7.751596009261974,1.5796889576715645,0.2977786835932451,0.0027517688550277434,0.09319712579199496,0.6090241906147599,11.958386685230977,1.4308041382186567,0.6657753011084732,1.7364022665650811,0.8926658522324377,0.9973226399240936,1.1574299722001489,0.34485680331111923
688.0,12.978493627620649,0.0,0.09040120766897727,0.9071585841754335,0.2294946716463662,0.15702616293878555,0.5230779577458711,68.75843267582404,2.3512923754086215,0.15822364627799904,2.9297480375713797e-05,0.841776353722001,7.766634707529523,1.5626337562332273,0.29063338126045557,0.004455220376067408,0.09319187397676995,0.6161747447627745,11.923897743819264,1.4387339644212107,0.6654914280329676,1.6537035440028744,0.882087970849563,0.9979374436187503,1.1571281778305689,0.36933058138319497
689.0,12.978496844312668,0.0,0.0902031395181033,0.9123634905157694,0.22934630054896246,0.15717634833030664,0.5232742116026275,68.83381301844963,2.3494733282128064,0.15620836617057,2.950371999193394e-05,0.84379163382943,7.748836114358768,1.5672630468982398,0.29192420681217557,0.003648639949396665,0.09318485004536756,0.614890943142457,11.915620954518891,1.4342853076617958,0.6660710478678138,1.6923013364105906,0.887117593513427,0.9978536541305713,1.1567747706872518,0.3690754352762947
690.0,12.978515121144273,0.0,0.08996152574737881,0.9023959280131717,0.2294122089165681,0.15983347163832315,0.5207927936977299,68.8415055963408,2.348656276009966,0.16310016140642372,2.7542101482994834e-05,0.8368998385935763,7.843513831260454,1.5801253375144018,0.2893500701482324,0.0031134325128097887,0.09317689259937746,0.6174730372523902,11.895619652918755,1.4332906489931854,0.6655009424932716,1.7415814156533644,0.8806111400433017,0.9980035538735912,1.1543635902751337,0.35756063289797874
691.0,12.978530708968707,0.0,0.09329143066514489,0.8992982247259333,0.2291581026023768,0.15903086350291273,0.5185196032295657,69.07120709584822,2.353480210072337,0.1622190200122658,2.867043124485433e-05,0.8377809799877343,7.805700811822787,1.5778744229956947,0.3022239647600101,0.0030859100646888913,0.09318054395841939,0.6045954912815704,11.92832534750766,1.4295027431342406,0.6654307849964254,1.8356757793632907,0.8966031390238183,0.997698809728039,1.1567274751703551,0.33364262633268826
692.0,12.978566737540795,0.0,0.09026834762028321,0.9158510185208972,0.2299595989821105,0.15451463066419877,0.5252574227334075,68.96839238768663,2.357386497069445,0.15173604970934265,3.0515801636306975e-05,0.8482639502906574,7.70049233667967,1.5610846451383282,0.2945568671364863,0.004012995123592753,0.09320647293084804,0.6122366599326656,11.962218640451674,1.4455498376330196,0.66545145762105,1.6287170998312273,0.8828333727736191,0.9973077540074962,1.1589780270575434,0.37428743617204974
693.0,12.97857255277421,0.0,0.09093282052545841,0.9257261501199534,0.22883807263223607,0.15834123341748793,0.5218878734248176,68.87006856373027,2.3487459740478576,0.155708064901876,2.9976386956689543e-05,0.844291935098124,7.697798835384624,1.5313361986816247,0.296949687093953,0.0037905674047680016,0.09318068688565052,0.6098696260203965,11.91987751968246,1.4414578788482235,0.6660177693091164,1.6679616331599627,0.894223387909822,0.9977988460157384,1.1627367419943428,0.35982447287371055
694.0,12.978573092824035,0.0,0.09182892917826671,0.9082417030963839,0.2294632831544151,0.15457085673110876,0.5241369309362095,68.95603165517008,2.352498527870926,0.15066630403841094,3.02607839676066e-05,0.849333695961589,7.695362034752436,1.5046768437735845,0.31250960030413455,0.0037779145960239323,0.09319767275574262,0.5942927269401229,11.934561566237582,1.4529210003869037,0.6653138604214406,1.7342728338523121,0.9088862789635825,0.9975696669739478,1.163617684051103,0.3563388157519905
695.0,12.978578536668694,0.0,0.09431291703709468,0.9468466277712846,0.22894315105374424,0.16260213620137032,0.5141417957077907,69.2333152956253,2.361858414336809,0.1413028070872864,3.414648317703271e-05,0.8586971929127136,7.567573888014174,1.4760141128392847,0.3011510695263221,0.0073345500455268605,0.09322384375440343,0.6056250867192745,11.991371734857067,1.4434872024902656,0.6663240952488911,1.76278221944245,0.9095856485389846,0.9959411465560064,1.1729855402516933,0.31937916384444054
696.0,12.978580832880994,0.0,0.09109479386057316,0.9076603110289063,0.22967707232362372,0.15461906138840353,0.5246090724273996,68.98639377270084,2.3554412832291387,0.15449870952644595,2.9785789931055606e-05,0.845501290473554,7.752203881213867,1.5739982468401896,0.29229731364317296,0.00365054881462852,0.09319315258219256,0.6145095337746346,11.94060132495343,1.4392467256166686,0.6655233313654607,1.6648388358756578,0.8779743913064093,0.9976865656533083,1.1565261325369398,0.3714435627405849
697.0,12.978593009690648,0.0,0.09034053933777725,0.9008019776974685,0.22936695567620963,0.1560024730979397,0.5242900318880734,68.81458006502811,2.3487427127698344,0.16756997899653814,2.8459673092770004e-05,0.8324300210034619,7.8431802522504785,1.5728908614761008,0.2851648815715525,0.003529809230284643,0.09316953557588657,0.621665582852561,11.88169872628339,1.4348021168577454,0.665404894712354,1.7054684475240058,0.8790188744172591,0.9984229742944427,1.152011311718507,0.3616211204137037
698.0,12.97859962272967,0.0,0.09240394751378432,0.931472777064216,0.22970003470996067,0.16367992778862805,0.514216089987627,69.08457981734513,2.3606434637998457,0.14775640676564145,3.094032892996172e-05,0.8522435932343585,7.690873656346692,1.5292059534141975,0.2966902565985745,0.0053927484580474925,0.09320929345745929,0.6101004499439662,11.936264251560443,1.442649733639612,0.6663724014942116,1.686317842441336,0.8998582136049844,0.9961400984257966,1.1648226307517746,0.36288717184840763
699.0,12.97860637953127,0.0,0.09469726502526415,0.8967191593454313,0.22779105852713283,0.1617241956489332,0.5157874807986698,68.75614039628084,2.3449113959683823,0.1791013764922833,2.2631539061971514e-05,0.8208986235077167,7.902133929131999,1.6289684590407252,0.32191163859341876,0.0031095459309823954,0.09318365112051463,0.5849047102860666,11.835293778065207,1.3959076814693057,0.6682546551218259,1.6777253682750815,0.8968511410713537,0.9983066381016363,1.1540054845812697,0.35915033722983336
700.0,12.97862005543113,0.0,0.09285661744685383,0.9185507450122827,0.22895117455634922,0.16192796129977324,0.5162642466970236,68.95246459998118,2.356982749941508,0.1567282382428038,2.8912597228268142e-05,0.8432717617571962,7.760192745994586,1.5567122853767394,0.3026738298305359,0.004232757976562699,0.0932074981291052,0.6041186720403589,11.91841425099851,1.4274653324880455,0.6663119260598434,1.7210165324305606,0.8849978619205854,0.9970709233376225,1.1619880222924515,0.3465971144506808
701.0,12.978643573134615,0.0,0.09303653598388713,0.9044876476832304,0.22921311103170516,0.1589868371696681,0.5187635158147396,69.02213036698652,2.356854196353185,0.15660177888943103,3.013572898161715e-05,0.8433982211105691,7.750699614303892,1.5693326189815295,0.29698045859867905,0.0033614364422111416,0.09319997654072519,0.6098195648605957,11.960307747328326,1.4346659047180708,0.6658851593015898,1.7275972722562665,0.8869347802180441,0.9970157374022441,1.157508568153472,0.3538934102627794
702.0,12.978647924078254,0.0,0.09177573590516495,0.9135463334634653,0.22877337737195858,0.15668591527368292,0.5227649714491936,68.9834638899377,2.350813634568625,0.15578661382669573,3.1923165573915824e-05,0.8442133861733042,7.745209418803864,1.5356941254387282,0.29581315928311097,0.004927754517580901,0.09318364398666268,0.6110031967302263,11.922106210527119,1.4401459781826889,0.664945374849071,1.7318326607387973,0.8783711289573239,0.9975140361673196,1.1594619559714956,0.36018444921915266
703.0,12.978664204667066,0.0,0.09196857514475328,0.9255716991134594,0.2293040994035878,0.16480737680240343,0.5139199486492556,68.8834292266058,2.350764011545262,0.16216499841800214,2.750276945216568e-05,0.837835001581998,7.814918115220255,1.5499406125385597,0.29774463518998606,0.0036622144550628845,0.09318959707296746,0.6090657677370466,11.886698531199908,1.4395801775358918,0.6675294526422406,1.7419899502286094,0.8910583838102124,0.997298460125065,1.1589729172993306,0.3640621298726807
704.0,12.978687375516726,0.0,0.0901095577544427,0.9044838856929092,0.2291793285462723,0.1575956392225827,0.5231154744767024,68.50204539655616,2.342465740983199,0.15679568867252305,2.9341190542792586e-05,0.843204311327477,7.768205534850277,1.5639795112406634,0.30979819412568294,0.005359945604214907,0.09319682756749047,0.5970049783068266,11.912471251102168,1.4357099154869104,0.665980015352803,1.6154765538032108,0.8854187031222104,0.9979711007163949,1.1585067848187824,0.3694902058349846
705.0,12.978700334644467,0.0,0.09235220660495637,0.9094472022454707,0.229384894324192,0.1538795362031803,0.5243833628676714,69.07283629549332,2.356738879341442,0.15508772266941515,3.1104166575763395e-05,0.8449122773305848,7.722818279794312,1.5653877620658383,0.2994376748039336,0.004176660881239799,0.09318911898127999,0.6073732062147864,11.946634006075026,1.4360121682931468,0.666685833481411,1.7253000853851048,0.8965082516330474,0.9976170194998024,1.1586498026084247,0.3612041994144436
706.0,12.978711453813297,0.0,0.0960017213437009,0.9143610723071354,0.22824277284933678,0.16527125097187967,0.5104842548350828,69.05643894403566,2.354873554705925,0.16962864072941236,2.4312835801683438e-05,0.8303713592705876,7.8304162754188535,1.5676051032914442,0.32717737372507777,0.005813234429459663,0.09318234436441498,0.5796402819105073,11.836095081261558,1.4044815523280825,0.6685843790531941,1.6618529208080746,0.9104611371584626,0.9972093815223404,1.1608995906428259,0.3333567288204261
707.0,12.97872215086167,0.0,0.09321351535474336,0.9261277139638326,0.22941532881803214,0.15399761668976414,0.5233735391374604,69.12493250207946,2.358255697058882,0.1450416980817699,3.1222631522253064e-05,0.8549583019182301,7.652459615398717,1.5549087220324167,0.2990686087683835,0.0043718428368654475,0.09320852974549129,0.6077228614861253,11.950545681278362,1.4363028516795058,0.6672243481220347,1.6960666511662152,0.9002204860727578,0.9972654093938127,1.1616356103348808,0.35914185668226667
708.0,12.9787329616404,0.0,0.09237754532244037,0.9044876476832304,0.22937965500579446,0.15910235542938259,0.5191404442423825,69.02213036698652,2.356854196353185,0.15632948311977496,2.837836424029495e-05,0.8436705168802251,7.750699614303892,1.5711204648257968,0.30034825758804734,0.0035614720199909715,0.09320036071757855,0.6064513816943741,11.960307747328326,1.4346659047180708,0.6658851593015898,1.7214337609380683,0.8847363459377052,0.9970157374022441,1.1618547709640208,0.342242559268335
709.0,12.978734154551987,0.0,0.09107201372021884,0.9144072920237039,0.22972137677410737,0.15859012995104332,0.5206164795546304,69.03434051957015,2.3565033038260195,0.15722768751247304,3.1197513639885785e-05,0.8427723124875269,7.69266242723236,1.5252207272048488,0.3009861048817222,0.005030713072331498,0.09319827798105522,0.6058156171372225,11.938463614151193,1.4434516266370951,0.6662725433087844,1.7380885745010337,0.9029120681917941,0.9973684075435991,1.162643723758669,0.3419271426297312
710.0,12.978768796861598,0.0,0.0936937816458007,0.8794245415337703,0.22778138453406072,0.16577723139943043,0.5127476024207082,68.73902862553496,2.344392077774525,0.19090884085273,2.0728134348614162e-05,0.80909115914727,8.057815066363938,1.6873267343624951,0.32064298638512656,0.0024777784300984568,0.09317967134621538,0.5861773422686581,11.778894495943417,1.3817885651688098,0.6675685900262026,1.667440815311267,0.8671923290163741,0.9985635958531635,1.1478084779902538,0.3615593290775598
711.0,12.97882195372403,0.0,0.08847988238085214,0.9066547136905554,0.22945161966808636,0.15952600599869038,0.5225424919523711,68.80141277325686,2.3509061927587025,0.16157082542524112,2.8337737500245373e-05,0.838429174574759,7.810347036119302,1.5842667573689178,0.2908397486326954,0.002928638352399612,0.09317398973504695,0.6159862616322578,11.911128438598753,1.4345950622071777,0.6660126453212057,1.6395962159796353,0.8742444224576972,0.9976797100077452,1.1576814822170374,0.3858434011743869
712.0,12.978828765123769,0.0,0.09169779192000552,0.9002998836898499,0.2293724681744225,0.1585203793816356,0.5204093605239364,69.06766197113606,2.3566469194364172,0.15724899335192782,3.0051116658750518e-05,0.8427510066480721,7.770198105542956,1.582657438516791,0.2931292702422405,0.0038211302864428103,0.09319147187621912,0.6136792578815403,11.91248839108857,1.426893791112596,0.6654483121824658,1.751441729221626,0.8841425764209214,0.9975474218252636,1.1577240690233117,0.35294957030655205
713.0,12.978858319222518,0.0,0.09238087273554772,0.9292294845078388,0.22926101381199743,0.16229299782222983,0.516065115630225,69.03749209704887,2.3576109799548024,0.14543088519555492,3.159898537871737e-05,0.8545691148044451,7.701485501922601,1.5282408417114013,0.2945703531410551,0.0046903018650011966,0.0932142981583237,0.6122153487006211,11.958904399132818,1.4406918390519317,0.6656145077562393,1.7823903839618136,0.884519914352384,0.9965667681604233,1.1659945997691874,0.3347970271800011
714.0,12.978861125126809,0.0,0.09065467402859238,0.902971084968136,0.22862782725327918,0.1639252112257607,0.5167922874923677,68.68872686271705,2.346104096804278,0.16951107843231078,2.55464373831804e-05,0.8304889215676893,7.874295131421052,1.6054663026783498,0.2979255349359716,0.003406776534085416,0.09319011751708636,0.6088843475469421,11.871071740648134,1.4140222169260932,0.6665494182323008,1.7024904476318166,0.8716530242798393,0.99781108245951,1.1557318449545582,0.36053240932145086
715.0,12.978863200569219,0.0,0.09280535592982174,0.9197263886389333,0.2292426025409875,0.1576223192351358,0.5203297222940549,68.97213262016447,2.355713902070523,0.15538173446079756,2.998272832605979e-05,0.8446182655392025,7.756550552915501,1.5503081096360247,0.29111218008711354,0.004050623975489818,0.09320463056940421,0.6156831893434822,11.945519780598065,1.4380874365803726,0.6657718915744197,1.7755494096893565,0.8851680193566654,0.9971014138183238,1.1619877473148528,0.34765676843184173
716.0,12.978883851622971,0.0,0.09134796527500229,0.9246749614825247,0.22963844447086176,0.1563965129128488,0.5226170773412873,69.04890706787691,2.359602579009696,0.1472936627563878,3.326937842962252e-05,0.8527063372436121,7.655263434652705,1.5033059288208077,0.27431406433149635,0.0049956526275893205,0.09320348433599043,0.6324824513325132,11.970854766504313,1.4531787671525465,0.6656105620391002,1.7168291056997478,0.8801718084967214,0.9966254152872723,1.1632303359453666,0.3469198184210406
717.0,12.978885454051513,0.0,0.09248075995138387,0.9139760700495956,0.2287863578923217,0.16193462161684422,0.5167982605394502,68.85301451304638,2.352256458413784,0.16481024784393258,2.753007056029143e-05,0.8351897521560674,7.787100596843352,1.5780957307266574,0.3050145381121121,0.004596505319809874,0.0932037201258081,0.6017817417620799,11.906407152496211,1.4197533191061829,0.6668341796165738,1.6852560096590907,0.8919090681734664,0.9973308863190211,1.1597746093194043,0.3492345458285687
718.0,12.978888828759171,0.0,0.09755053199095841,0.9051475558591046,0.22967531347008627,0.15191854880622985,0.5208556057327256,69.24683630360164,2.3590804265316185,0.15948175798680078,3.1222802739574425e-05,0.8405182420131992,7.697241171103306,1.538132083821936,0.2955403664026819,0.003086230932479127,0.09320229867877644,0.6112573349185417,11.961220854679135,1.4529413148614403,0.6660034853150731,1.7926147814143483,0.9023806269790471,0.9976009105635699,1.1605770161013327,0.35996642035350307
719.0,12.978889975397482,0.0,0.08969201587672321,0.9215099543373371,0.2303982382340184,0.14814449746780706,0.5317652484214513,69.31523834818165,2.3669351815265243,0.1302245799616099,3.8309780867213205e-05,0.86977542003839,7.459729374523963,1.4657002834213118,0.2744787868791115,0.005486253473529548,0.09319659405838132,0.6323246190625071,12.100825593012274,1.4796392040452357,0.6634554305741434,1.6165549886170172,0.8856319141177388,0.9960354153892036,1.1709791622685968,0.37731740191460195
720.0,12.978891772871156,0.0,0.08900251809123008,0.8978672915532353,0.22905018719456147,0.15716227186751164,0.5247850228466969,68.65591593677817,2.345839112076505,0.17201907463577254,2.675969866502951e-05,0.8279809253642275,7.874942903323002,1.5758558463934884,0.27970222357789015,0.0035148875138080182,0.09316566403385468,0.6271321123882552,11.879961746112556,1.43197377664749,0.665080908424863,1.7005744194164727,0.866342468542122,0.9982597944972484,1.1525334804482634,0.36798276327787216
721.0,12.978893515036262,0.0,0.09042473532256663,0.920301399747586,0.2291687653438891,0.1577582747656911,0.5226482245678532,68.90867088699459,2.3515953052218546,0.16073683206534264,2.971541725793501e-05,0.8392631679346574,7.718445187524772,1.573403722491081,0.30754250225306273,0.004118585794401899,0.09318618900418249,0.5992713087427548,11.925179142335871,1.426565856600544,0.6669903819694687,1.6651857823781449,0.9062489189903392,0.9975541712077185,1.1627384374777139,0.3572402633268166
722.0,12.978900689949587,0.0,0.0912518009555503,0.8969324706247603,0.22947328813565143,0.1540444113308605,0.5252304995779378,68.83650334597624,2.3503860561482686,0.15773885367573265,2.997884899481475e-05,0.8422611463242673,7.762736751801709,1.5417253584557444,0.27382100028414424,0.0033983600796929168,0.0931842415199311,0.6329947581959248,11.964979704747922,1.4528076785776236,0.6641117714138938,1.7277173326362245,0.8944943153693468,0.9981976460444402,1.1547652868929927,0.34608887704082797
723.0,12.978903421871763,0.0,0.09355345337805754,0.884651353094629,0.22853064064180045,0.15428977401793334,0.5236261319622088,69.10679785495067,2.3539612812208426,0.16579202053642653,2.8019938527402805e-05,0.8342079794635735,7.813056390206119,1.5921007647123373,0.29538892330905475,0.0024520124850050703,0.09316502760798188,0.6114460490829633,11.967041868233238,1.4277339037498453,0.6646156311687411,1.7996778025174973,0.8744157159331412,0.9976458161251007,1.1555374500108702,0.3587277536606867
724.0,12.978906431989625,0.0,0.09221490163426668,0.9071653022655544,0.2292970163301821,0.15682338893086784,0.5216646931046833,68.94026610610591,2.35242045935301,0.1576869691102008,2.9330437390821504e-05,0.8423130308897991,7.760650525793606,1.5789184975306474,0.2941132020160237,0.003057353188596606,0.09319238981195667,0.6126944081720197,11.949672376813904,1.432022611163322,0.6657708730154371,1.737922908317662,0.8890003939682889,0.9975300408909817,1.1575308385535399,0.3539237702044989
725.0,12.978939808620458,0.0,0.09213175729682643,0.9040472693229669,0.23010450444950983,0.1469403441197736,0.5308233941338901,69.29715037351136,2.3585473279908076,0.13578934333333617,3.7475844279446224e-05,0.8642106566666639,7.6440772802663455,1.4531211786401772,0.2521810557222993,0.0046459073802307335,0.09318324704145751,0.6546356972362432,12.091932755832211,1.496945882371853,0.661119406397565,1.8979610073603683,0.9041302416093865,0.9974071324690014,1.160969391561768,0.30927323433721676
726.0,12.978943508978277,0.0,0.08810862755162917,0.9195127912529502,0.22960067893822209,0.1553301541778174,0.5269605393323314,68.84648926124666,2.352532310427211,0.15230435105149454,3.1527689303644645e-05,0.8476956489485055,7.696683295575293,1.5346697601001613,0.2842295539121061,0.0048261432841731604,0.0931833337980462,0.6225871122898478,11.972788096530934,1.4505689164761928,0.6652234837590152,1.661052665190657,0.8802610731601895,0.9973643731091869,1.162124479643527,0.37201529708448905
727.0,12.97894408769374,0.0,0.09017776641884374,0.9156315167649276,0.22975856161606348,0.15525631116487787,0.524807360800215,69.03863439514325,2.356934748670929,0.14968090557960684,3.08482642894057e-05,0.8503190944203931,7.705157394889094,1.5629786306939577,0.29081965009026883,0.003969655609858658,0.09320511982604274,0.6159752300836884,11.957843138622183,1.4428942955045412,0.6656212683841694,1.6550936245819254,0.8767261918624283,0.9972393175939294,1.159250797094627,0.3701481316234271
728.0,12.97896950357761,0.0,0.09319870464827885,0.9090008384869801,0.2289119534008231,0.15717557354640688,0.5207137684044912,68.93256928768847,2.351229689881662,0.16296780639405886,2.636908963107595e-05,0.837032193605941,7.794538872024177,1.6180286572693456,0.3119259313976698,0.003652569723429625,0.09319463372990947,0.5948794348724209,11.876901851570183,1.412788062916826,0.6675747058519955,1.7051267144843119,0.8967351566813483,0.9982865993346991,1.155952024324114,0.36951695596513723
729.0,12.978972292961592,0.0,0.09141438845504812,0.9288709860096188,0.22964732100951735,0.16310291476243127,0.5158353757730032,68.92291859693587,2.3566160642291063,0.15170562650534575,3.062528836888157e-05,0.8482943734946542,7.706348026808244,1.5395895895264096,0.29385419136783175,0.005270967502153669,0.09320317563357815,0.6129426329985902,11.937275366985055,1.442795001970647,0.6659753950839914,1.6500084044240322,0.8943853798111625,0.9965862903583627,1.163673299224481,0.37683927058314914
730.0,12.978981948765691,0.0,0.08965284859041607,0.9041841648482081,0.22865348448824965,0.16242654038085966,0.5192671265404747,68.57902353978211,2.3397146235964246,0.17055484274937607,2.650719991957719e-05,0.829445157250624,7.89797545237416,1.6058711802229007,0.27972834731942364,0.002928681868339044,0.09317159126168299,0.6271000614188933,11.867363987455748,1.4190945524366034,0.6663242449613608,1.685754655250172,0.8604409397838733,0.9983791738088472,1.1527557629474194,0.36890753693787603
731.0,12.979005252430206,0.0,0.09340756787707641,0.9557625097932254,0.22849843679261891,0.16764666619064933,0.5104473291396554,69.23867846706551,2.35921100729774,0.13329786305022093,3.305939339183396e-05,0.8667021369497792,7.6268772780259315,1.5258153334405673,0.30963991474196306,0.004756547800937201,0.09325605641987743,0.5971040288381596,11.965173699024843,1.421295666678574,0.6675297664120828,1.8807345446136037,0.8944292276225627,0.9951729188468028,1.175842669244157,0.28086347112768095
732.0,12.979005861444353,0.0,0.091881126873874,0.9498593700865317,0.22898233690888475,0.16087363040108404,0.5182629058161572,69.19600713893425,2.362492093777501,0.13202500941717754,3.429125436717115e-05,0.8679749905828225,7.57617459626135,1.508743467997782,0.30035930412282935,0.005228398089157158,0.09324152800159569,0.606399167875575,12.006435431641687,1.4372007632063255,0.666382622092229,1.7899659301070392,0.8898253848779407,0.995425658911058,1.175390872259138,0.31217079145766696
733.0,12.979023712440965,0.0,0.09012714078430714,0.9040367276070269,0.22926091123566808,0.15601518408202028,0.5245967638980046,68.99481735204232,2.347804922948967,0.15692773509005564,2.8676235242175567e-05,0.8430722649099444,7.813992482600716,1.5763312043768736,0.29157849532436947,0.003322584376592707,0.09316301830469946,0.6152584863709312,11.869751536689447,1.4282465887027465,0.6662077511527846,1.751534045740439,0.8878464240354862,0.9980807331652699,1.1545686190442457,0.3622694267410114
734.0,12.979027320082865,0.0,0.0887800868351053,0.9036068492730692,0.2295517351344079,0.16039189237771212,0.5212762856527746,68.69264790504597,2.3503092933597243,0.1656115356494507,2.765002630800653e-05,0.8343884643505493,7.805082829177793,1.56033704410497,0.28967164903217285,0.0035610347747786547,0.09318751247480042,0.6171408384930268,11.89921405699318,1.4361283262993219,0.6654488993392178,1.6602717498361788,0.8735854625653312,0.9978323401573432,1.1552648087379875,0.3664034224311313
735.0,12.9790577985808,0.0,0.0915178148075519,0.9020061643311621,0.22942442510766334,0.15637472544676934,0.5226830346380154,68.92915202294624,2.3480660581211534,0.1615159704807259,2.9491325852000492e-05,0.838484029519274,7.751320311338267,1.5681731954927123,0.3005743049244829,0.0032622200630920833,0.09317354435592505,0.6062521507195922,11.968958444066827,1.441139994977083,0.6658231259897043,1.7850582399464507,0.9065766908834968,0.99761340291712,1.15819338921876,0.35332211428634996
736.0,12.979079531597193,0.0,0.09028669061286616,0.9220819228960543,0.22901563649358697,0.16906040321841415,0.5116372696751327,68.74614045643794,2.3515955035049094,0.15659381532627462,2.76453056864472e-05,0.8434061846737254,7.81149175765727,1.5758513432242212,0.30139926718574767,0.002971003204362905,0.09321198806899784,0.6053887447452545,11.861955909908833,1.4098365246358244,0.6664062774317755,1.7375160371583545,0.8766815640796829,0.9968446713823278,1.1618992243708033,0.3302453418718047
737.0,12.979105967587916,0.0,0.09297037412988558,0.9186821593999193,0.22876004189871768,0.15429064947773322,0.5239789344936636,69.08290515061336,2.358214866308618,0.15606450984440856,3.0008779584303096e-05,0.8439354901555916,7.727186786267616,1.5351094884595158,0.28546980733292765,0.003315544809461509,0.09317902688245909,0.6213511657846132,11.912688967069952,1.435152266907235,0.6648840219987743,1.7477795260903553,0.8664549471309553,0.9978766703876835,1.1606220043810405,0.36164706797375734
738.0,12.97911035205831,0.0,0.09065644753395166,0.9155555260229095,0.22985698075283945,0.15329124255278742,0.5261953291604216,69.09821348961847,2.356311285458453,0.14366274865096484,3.4217104680955095e-05,0.8563372513490352,7.68848676291936,1.5177022466302765,0.2708148943494169,0.00383204566341952,0.09317453899049248,0.6360105666600907,11.978093540646253,1.458118652927787,0.6642951451345438,1.7406919523202964,0.9067975251431,0.9978667405262923,1.1619391268772783,0.35003353542256666
739.0,12.979110429024226,0.0,0.09318309717445042,0.9033980818846752,0.22949168593035335,0.15491281038537744,0.5224124065098188,69.06459749033851,2.3558705082457037,0.16037475348562838,2.909186807612057e-05,0.8396252465143716,7.767281753334032,1.5828269096722294,0.2981797220305682,0.0032801994237232493,0.09318094649770754,0.6086393314717243,11.915150251741865,1.4297887412709511,0.6663855125282251,1.7273356111526001,0.8909145064172643,0.99806691890189,1.1544910067994065,0.36169256273076045
740.0,12.979117466218254,0.0,0.09241301963214671,0.8932833916498164,0.2277832189215862,0.16360391035089725,0.5161998510953698,69.01501026944221,2.3389304517153464,0.17023080421329678,2.0901462484633227e-05,0.8297691957867033,7.800067226918378,1.5933709129407294,0.31399724923521355,0.0018568009835506151,0.09317056120409692,0.5928321895606895,11.925817108838892,1.4251131123234568,0.6657562048030381,1.7514754733967701,0.8839720388965739,0.9984862012098894,1.1544260909815587,0.36283025727516
741.0,12.979123690286327,0.0,0.09188146460122029,0.9233020714324001,0.2300994982618263,0.16129626916972628,0.5167227679672273,69.16756240472533,2.361837062569938,0.15091909896949138,3.057318715648864e-05,0.8490809010305087,7.728790207239298,1.5594201887530619,0.30127845194006353,0.003318487261146221,0.0932013147076675,0.6055202333522689,11.941066222100797,1.4325014303837245,0.6649026364714898,1.7564331909458872,0.9032300159896076,0.9971472448159875,1.163848716183911,0.3270450007481546
742.0,12.979124658518277,0.0,0.09127045987691679,0.9327495119929555,0.23029003981578333,0.1550462764382084,0.5233932238690915,69.02978121471104,2.354752219877022,0.15070839970925876,3.079353913636796e-05,0.8492916002907414,7.688471056383907,1.5638965984188498,0.29809913947550304,0.0032776713268196952,0.09319428490586973,0.6087065756186273,11.944995997743437,1.4364820689708644,0.6657150380629696,1.6686280043049289,0.9188080628094126,0.9974825408156552,1.1635066903160358,0.34914807447799673
743.0,12.979139713269808,0.0,0.08939704422855381,0.9117957225715452,0.2294383778214324,0.15766881770045046,0.5234957602495633,68.8717169374517,2.3518804769519948,0.15869453219977384,3.034713701469578e-05,0.8413054678002262,7.735238963390266,1.5531867357668037,0.2915525069142569,0.004131915302516501,0.09318375401011739,0.6152637390756257,11.945676774104644,1.4404330694185266,0.6656424608444733,1.6989188827046742,0.8869607983688395,0.9975586373206784,1.1601276944422536,0.3620095270156367
744.0,12.979146935194306,0.0,0.09023477724650343,0.909891609362563,0.22893086748011315,0.16032587253620784,0.5205084827371756,68.8135512747453,2.3481998528510686,0.16075768639611346,2.6968575856682505e-05,0.8392423136038866,7.843020396073454,1.585131916555489,0.2905498597272815,0.0035356858640540577,0.09318781396584878,0.6162623263068697,11.889816399803014,1.4266091219317074,0.6659686893463599,1.7477411824510303,0.8706416260429248,0.997791976531293,1.1563210756316507,0.3636145529973759
745.0,12.979148443639897,0.0,0.09050459495650306,0.9104717001894118,0.2294944204250435,0.1568517012461137,0.5231492833723398,68.9076747146666,2.3526840619067304,0.15897209845037652,3.0405188855408127e-05,0.8410279015496235,7.755879540593361,1.5583796847199967,0.28956060013275264,0.003942229071761888,0.09317979412298538,0.617259605744262,11.937866555256747,1.4405161328020963,0.6659671797679211,1.7000815340582633,0.8876530295438693,0.9978580523634624,1.1587261117293344,0.3656336379969166
746.0,12.979162329701266,0.0,0.09062198208332264,0.9066159616976931,0.22918206387522394,0.15625661755459486,0.5239393364868585,68.856041867071,2.3504890379418955,0.1600804413776162,2.7807933133704597e-05,0.8399195586223838,7.7698999592727,1.5735730217418693,0.2916143878700973,0.0035287926916990255,0.09318580944691786,0.6151998026829848,11.919121814618677,1.4347898862029032,0.6656352041865936,1.723959876315684,0.8838524848949895,0.9980714558132171,1.1554558648817768,0.3773634460736491
747.0,12.97916483100127,0.0,0.09111000966392126,0.9218997010430876,0.22886196164171685,0.16847794944513272,0.5115500792492291,68.85578707480849,2.3516503876949275,0.15787244080929858,2.7401579853622228e-05,0.8421275591907015,7.817982878304291,1.5801801147545749,0.30305377862685373,0.0032739243444340873,0.09321596011369641,0.60373026125945,11.865206322702676,1.4110952453383956,0.6668720942068018,1.7707408282271488,0.8730584681260108,0.9968230448070736,1.1619994574979737,0.3288767402484023
748.0,12.97916594812883,0.0,0.08838167705488707,0.9173347023399364,0.22956274472107713,0.15702962147370944,0.5250259567503264,68.77195102051829,2.351193041164807,0.1522408574749967,3.174156465799345e-05,0.8477591425250033,7.68108276596461,1.5223685590576232,0.2753440685907714,0.004757768290809636,0.09319148643130025,0.6314644449779284,11.968292050696135,1.451071075312913,0.664867226841027,1.6709023132002314,0.8740703161345542,0.9972334682136743,1.162227119621345,0.37088565761858105
749.0,12.979196376357518,0.0,0.08890142870800005,0.9000702984260723,0.22918976602524344,0.15932505586239643,0.52258374940436,68.69551051571024,2.3448569927793175,0.16877741661464124,2.6838346206868904e-05,0.8312225833853587,7.865883907087319,1.5869790088948532,0.2873745428538852,0.0030992921301259547,0.09317174523960138,0.6194537119065134,11.899669382650638,1.4342090825814835,0.665469050773199,1.7245227691724567,0.8791298134368288,0.9983143320255754,1.153052027583244,0.36862671189926693
750.0,12.979208066262855,0.0,0.08955500582914197,0.9432751098128702,0.22914077593803484,0.16353288189022247,0.5177713363426008,68.91229683530892,2.355673769105477,0.14091260226634444,3.2912216149743455e-05,0.8590873977336555,7.610136794204086,1.4855041199013677,0.29426811661263874,0.005545407624575956,0.09321002791599509,0.6125218554713662,11.977196475824996,1.4478151776543704,0.6658204143745038,1.7125506737193783,0.8976333250395524,0.9962676133777522,1.166117127990447,0.3347478720316496
751.0,12.979209302539548,0.0,0.09888739118634877,0.8544180376088191,0.22515283383190005,0.18146185135412954,0.4944979236276215,68.84352182269458,2.3379117960001397,0.2134154753799848,1.1626779544940267e-05,0.7865845246200153,8.300600234883438,1.8324465360633106,0.3670450755967186,0.0025366502010875777,0.0932121097310322,0.5397428146722492,11.651005607961427,1.302012541893204,0.6709089176805743,1.6236166463386277,0.8491332515744328,0.9975412294683671,1.1456956054557894,0.31042665932554014
752.0,12.979211493433526,0.0,0.0903071048995811,0.890369178407698,0.22948712502911692,0.15735684245491327,0.5228489276163888,68.86163985003745,2.349279143224292,0.16434554314889444,2.729205548441335e-05,0.8356544568511056,7.9005582958091916,1.5652698096573094,0.26658293465328026,0.0033280261912714687,0.09317430812497575,0.6402427572217441,11.90116181222226,1.4458047845488315,0.6637965710395352,1.774648375279384,0.8752098307884699,0.998558294746704,1.150206577956419,0.34298179641847704
753.0,12.979213266159814,0.0,0.09467006348132675,0.8728014712162173,0.22740577499023532,0.1679129473350877,0.5100112141933503,68.72742160741637,2.3433591080357754,0.1959795795178818,1.8916414826440918e-05,0.8040204204821182,8.094435359249218,1.7132045076041382,0.32820033224537787,0.0022359608693557,0.09318115605688906,0.578618511697733,11.754227326155776,1.367798105779339,0.6682061243586778,1.6653243555017179,0.8649652122390714,0.9985844144422134,1.1464983892703506,0.35796153907894857
754.0,12.979223835065559,0.0,0.09219764590552469,0.9239635991579374,0.22992072256978727,0.15522079253241697,0.5226608389922711,69.03646934729066,2.3600651520996343,0.14811057264227817,3.1165983111903914e-05,0.8518894273577218,7.684204489468536,1.5455167505638119,0.2916194521200527,0.004346896130490419,0.09321568542708676,0.6151648624528606,11.96459698802013,1.44639985403744,0.6656287350460726,1.6744513803186658,0.8808977541352615,0.9969329942439931,1.1607731396793606,0.3598907117109783
755.0,12.9792243048065,0.0,0.09076861947751497,0.9066027479927461,0.22939776946606194,0.1567691212509787,0.5230644898054444,68.9692764730125,2.353262237336318,0.15945837878386976,2.9740459911726205e-05,0.8405416212161302,7.767581541878242,1.5652725782399017,0.293642068423942,0.003591459351493959,0.09318830487372848,0.6131696267023296,11.932053766326908,1.4371031160567576,0.6655228620455209,1.7474231429618001,0.8930951827945836,0.9977974910085273,1.1585182151837694,0.3613132888637149
756.0,12.979224785862991,0.0,0.09095674062493517,0.9128215300262692,0.22962134925945146,0.15643714086825364,0.5229847692473598,69.01974086524928,2.3599095080717025,0.1518472650500092,3.1348964550659896e-05,0.8481527349499909,7.681981422320423,1.5328708742412043,0.2865835650444,0.0043574731480767355,0.09319877082750186,0.6202176641280981,11.977371818133282,1.4465435593725542,0.6652745099887151,1.7062941896437587,0.8779484276980549,0.9970272514982141,1.1624829169245448,0.36270670293164026
757.0,12.979235950413225,0.0,0.0927466261892238,0.898408469626633,0.2294793840692781,0.15682116810931435,0.5209528216321837,69.08888567288386,2.3564333748809174,0.15793790038567046,2.9904885776501697e-05,0.8420620996143297,7.74911873743521,1.5943793816893344,0.30111193534631087,0.0021023412947967063,0.09319337340329034,0.6056946912503988,11.964820137547433,1.427162489037799,0.6657770058754998,1.7168286950029434,0.8964147686703239,0.9974332529769785,1.1551510846427968,0.343456820750758
758.0,12.979236233816849,0.0,0.09453090625380269,0.8824621538737114,0.2282859173610647,0.16267330815365283,0.5145098682314798,68.91554883959066,2.3524890851743003,0.18477019643435855,2.338361023572157e-05,0.8152298035656415,8.007868092128408,1.6503678963604649,0.31748396568178777,0.002287428281863003,0.09317796811741545,0.5893380662007969,11.80963009197701,1.3973059322605728,0.6673908121879288,1.74960439635729,0.8884050502910993,0.9983875571730562,1.1509658459914092,0.3601157425453239
759.0,12.979294630386583,0.0,0.09090987342859323,0.9096874970122876,0.22937448834653534,0.1571021894654342,0.5226134487594372,68.90476841219362,2.3523138225942986,0.1600201987915564,2.9635373730135526e-05,0.8399798012084436,7.759545881331471,1.5684601626339798,0.29442788676755216,0.003866415075086177,0.09318272957904289,0.612389383653405,11.926437252330603,1.434904235963022,0.666213669093498,1.7003555874005205,0.8897011004859583,0.9978872763177358,1.158288652050743,0.3651542178901033
760.0,12.979298378778022,0.0,0.09358971341006295,0.8237367922089277,0.22436053925710742,0.17855558716187914,0.5034941601709505,68.10855660177728,2.3049969562583694,0.23873357031140155,4.122297084308362e-06,0.7612664296885984,8.59040849314659,1.9077983465247306,0.3516614042801055,3.4322761897342784e-05,0.0931325324032285,0.555206063316666,11.548406783959312,1.29194016355777,0.6694265511063286,1.6737535164054145,0.8178670797448069,1.0,1.134294231087801,0.3687258228099459
761.0,12.979312827422056,0.0,0.09060251777505257,0.9089851669231221,0.22915013964928257,0.16428411196202503,0.5159632306136398,69.1941256458499,2.3579303324268297,0.15086525660756467,3.092539823914757e-05,0.8491347433924354,7.70692327200958,1.5576800666149304,0.3024598424184359,0.003964933821716508,0.09320930588587721,0.604330851695687,11.969317795893904,1.428539050938947,0.6652951646938619,1.7895079714314424,0.8796033031175914,0.9963649124433607,1.1629446958721326,0.31884575684868344
762.0,12.9793160999053,0.0,0.09244001275423173,0.9009900127977164,0.22891440864744186,0.16217863156165377,0.5164669470366726,68.8688211590727,2.3529791134047713,0.16880082267987462,2.52150616403813e-05,0.8311991773201255,7.867900133876743,1.60658840572518,0.3081309790978524,0.00397760474773258,0.0932032794167131,0.5986657414854345,11.86266242958172,1.4096206147904033,0.6673196043385898,1.6708361742537277,0.8914947105090023,0.9974130586365586,1.1545885540106982,0.3388797943533407
763.0,12.97932702638663,0.0,0.09255159174511562,0.9093434972712853,0.2292958105303946,0.15348345132553054,0.5246691463989592,69.08245954029927,2.354417508527031,0.15407304581517142,2.8887241722215042e-05,0.8459269541848287,7.7241839471385045,1.5827393463761452,0.3004504377767046,0.0037740397935657455,0.09318683802465082,0.6063627241986446,11.928842363983671,1.4317080943103984,0.6666668193296729,1.7225396096473526,0.8990686553047703,0.998053980911972,1.1557819819540354,0.36857230103355554
764.0,12.979330306219854,0.0,0.09391160996961713,0.8940078817055692,0.2278693002790546,0.15441052554755866,0.5238085642037696,69.34272258914189,2.350552488890722,0.1557497074552715,3.3051642094272885e-05,0.8442502925447286,7.803786252691037,1.5234505122344733,0.28665907336881086,0.0038832613386849653,0.09315854841527652,0.6201823782159126,11.953241656851947,1.4473504475412329,0.6627604311606493,1.8355974769211612,0.8840662234899277,0.9978037970484169,1.1548051925383906,0.32005091108293826
765.0,12.979330888905874,0.0,0.09150149975679667,0.8917421042134928,0.22948804293433137,0.15909648958810987,0.5199139677207621,68.99310121034074,2.3574016191276685,0.1662125060590966,2.7768887857172693e-05,0.8337874939409033,7.833173602368497,1.5681448032705347,0.28811399553128614,0.0032754467597136024,0.0931852998229969,0.618700704645717,11.914866022305299,1.436089513270774,0.6646187689942992,1.7689035919619842,0.8823352875030642,0.99791948050053,1.1535010087325952,0.34760028648310193
766.0,12.979331065762365,0.0,0.09377794500054597,0.9135152448735515,0.22944164229359232,0.15506590648952753,0.5217145062163342,69.22429514961745,2.3561226321525597,0.15631493676252425,3.1196447010287697e-05,0.8436850632374757,7.747926368958607,1.5793631613723442,0.31313861852359953,0.0038809016911593632,0.09317906321095454,0.5936823182654459,11.903276629949358,1.4287006061849432,0.6671595695847647,1.74106785105399,0.917295392237065,0.9980276242199553,1.159591574502672,0.3486780826238389
767.0,12.979342726128236,0.0,0.09144112447184363,0.9121746184769314,0.22992904069319686,0.1516417271643062,0.5269881076706534,69.1553292011941,2.3547320551735758,0.14786888951269866,3.306992954346315e-05,0.8521311104873013,7.717558814364681,1.5270402319564926,0.2794825705216997,0.0037222701627068647,0.09317255125535527,0.627344878222945,11.973382617065372,1.459988428560821,0.6647011984146048,1.778122152373705,0.9085434460276728,0.9979805145147724,1.1607619830414553,0.3504149239647752
768.0,12.97935837294773,0.0,0.09044347404320402,0.9513118135920341,0.23011124952402812,0.15257920020507393,0.526866076227694,68.80565501883166,2.3583525943330828,0.14151005113909554,3.350860763324426e-05,0.8584899488609046,7.6450273351023865,1.508445115474332,0.28328138398189623,0.007039412193320895,0.09320575395912836,0.6235128620589755,12.005434253986884,1.4691418326893695,0.6643776435166274,1.5238780637993297,0.8978256100156896,0.9971376649449082,1.1730403934129274,0.4073045520953521
769.0,12.979359807470297,0.0,0.08941542163973526,0.8944353918977707,0.2299736249654839,0.15575879050617922,0.5248521628886016,69.01822957984983,2.360990926516088,0.1511567190747811,3.192355244141292e-05,0.8488432809252189,7.6965896928169855,1.5125888941503414,0.27729332046348576,0.004351560760376954,0.09319851685354369,0.6295081626829706,11.977645954730532,1.454141903882836,0.6645448927147289,1.700597203335977,0.881362585014657,0.9971633411801052,1.1616138495384791,0.33860233795392125
770.0,12.97936775881098,0.0,0.09309491120155733,0.9227675241719018,0.2289926012790262,0.15799974780016773,0.5199127397192487,69.01871014061031,2.3573793106483856,0.1518070374539799,2.8921258786283733e-05,0.8481929625460201,7.675520959392111,1.546373526579037,0.29392061223931554,0.004348395162743543,0.0932111226640188,0.6128682650966657,11.950827340580762,1.4372145741153883,0.6660527748307955,1.7540904453886514,0.8923980753269539,0.9973397843498715,1.1603373676116289,0.364051758339082
771.0,12.979381368708362,0.0,0.08972799966258388,0.9204902701634055,0.2287536555810052,0.16959308795999173,0.5119252567964192,68.75179823508329,2.34951437991897,0.15914580220971983,2.686940972095456e-05,0.8408541977902801,7.841074634194328,1.5859456146613862,0.3006588743945273,0.003390117202912173,0.09320641195552479,0.6061347136499479,11.85429818057275,1.4072423008362118,0.6667086978832852,1.7499983093883174,0.8736594037771537,0.9969549002751823,1.1611375790731957,0.33379845591822777
772.0,12.979430104794325,0.0,0.0904877209665155,0.9237218614132598,0.2291044744636384,0.15773796315195798,0.5226698414178881,68.95421369125553,2.352321535962969,0.16105823254403287,2.9825945146039727e-05,0.8389417674559672,7.70753343059331,1.5766771412073657,0.31531216169880516,0.004160495185207708,0.09318558414255226,0.5915022541586425,11.925613146790218,1.4233085368096206,0.6673884829593015,1.6624925422956012,0.916222803310777,0.9974445548120061,1.1646295766533097,0.35221107428745935
773.0,12.979432784898954,0.0,0.09386172493000391,0.8682816397035916,0.22938450358978,0.15268751908867062,0.5240662523915455,69.03405302820447,2.3524581972927243,0.16482231302132155,2.8343045088963585e-05,0.8351776869786784,7.8975903648900445,1.5471313991200686,0.25579096672345186,0.002281124577002889,0.0931648569227912,0.6510441763537569,11.952463897805695,1.45882200988669,0.6626175687452969,1.818129050500816,0.8901829106495929,0.99901728571743,1.1468154934102075,0.31804644216900074
774.0,12.979444113274043,0.0,0.08640367918816512,0.9038914595645999,0.22842850847009336,0.16516018661810664,0.5200076257236349,68.55998359582043,2.3337310392536157,0.17106741974495904,2.6301646182807635e-05,0.8289325802550409,7.930498937097179,1.6097634889919217,0.27839380463494345,0.0029997792864982988,0.09315512748354281,0.6284510678815138,11.842908517757833,1.4147382203356902,0.6663054095442422,1.7254108655682336,0.8574256854646854,0.9984897626354678,1.1518643474395973,0.3645932879922237
775.0,12.979462498718128,0.0,0.09185552319680367,0.907857689598998,0.22909464683001643,0.1576866619771821,0.5213631679959979,68.89798703975669,2.3514499308652907,0.16246576625430947,2.7839138437832794e-05,0.8375342337456905,7.768100676387061,1.5919812777666076,0.30578488891541766,0.003689515749509518,0.09318957897651038,0.601025532108072,11.899768878836266,1.4218098100051821,0.6667888108531776,1.7009950451991207,0.8944799326841664,0.9979554655443741,1.1572679128006964,0.3640355709742057
776.0,12.979487506712248,0.0,0.09228520455763331,0.9023124341875814,0.2290634001130935,0.15692615329962628,0.521725242029647,68.85070944201182,2.3552866170207976,0.1631141263513963,2.8432072513846525e-05,0.8368858736486038,7.812444286321634,1.5942811601082842,0.29787772122060974,0.003594747198600151,0.09319502107674482,0.6089272577026454,11.923926398398041,1.4255275705765271,0.6656876623345467,1.65062080827444,0.8666396236639745,0.9976845298384786,1.1561235651535455,0.37126870282264557
777.0,12.979510852632703,0.0,0.09022233225809978,0.9064556991994063,0.2288213426213085,0.1631747310584413,0.5177815940621504,68.7008156359904,2.3467373811022285,0.16560527690026333,2.63581446203691e-05,0.8343947230997366,7.850959507991947,1.591234078893509,0.292765328157758,0.00351862989852299,0.09318970568828719,0.6140449661539549,11.882506259781668,1.4204056836990788,0.6662607480718923,1.706854883860656,0.8705334543459031,0.9977265656775818,1.1565219075275728,0.36120923303385677
778.0,12.979524603895197,0.0,0.09161909228223608,0.9439773629588544,0.22875104575057048,0.16531212608936813,0.5143177358778253,69.03884567383295,2.3551719954833725,0.14099990795005196,3.215806152803344e-05,0.8590000920499481,7.661647459125756,1.5283365964807376,0.29858550678942974,0.0047212180099400385,0.09323592222531585,0.6081785709852545,11.955216943862697,1.4282345202794082,0.6667990855027076,1.8197694693925648,0.8864441910401895,0.9958872784592085,1.1711297444879918,0.3078479796543753
779.0,12.979533253887215,0.0,0.08941599365120932,0.9007016985542597,0.22933268580596533,0.15996589897892477,0.5212854215639006,68.79096249470004,2.3518922855895372,0.16527326249614638,2.901110350072485e-05,0.8347267375038536,7.7968629967808365,1.5559153980307965,0.28109261477026687,0.0038408854092443294,0.09318175073061102,0.6257256344991221,11.91192056380831,1.4367161312049717,0.6647393331487337,1.6881169932446607,0.8709059870694091,0.9978392235417625,1.1568093651659177,0.36528831406636164
780.0,12.979534449599786,0.0,0.09368041079251377,0.8961728253583157,0.22917089385734307,0.1557413181747527,0.5214073771753904,68.98928979702093,2.3540445187708547,0.16045604007029435,2.9426366252717657e-05,0.8395439599297057,7.758740899918118,1.5899578053896786,0.30237448464419836,0.002526567729227053,0.09319613775218054,0.604429377603621,11.972559400664805,1.4312957508125084,0.6656801944042273,1.719580702416114,0.8827830039958107,0.9974318464623899,1.155305559405446,0.3557607939803429
781.0,12.979534568452872,0.0,0.09369377995969722,0.900785297672622,0.22914697800830425,0.15816679668567957,0.518992445346319,68.90944254823702,2.3498219105542346,0.16527362145857308,2.7084688599598993e-05,0.834726378541427,7.807022628404091,1.6032290465162211,0.29909988279747685,0.0031607747770118783,0.0931946734114688,0.6077054437910544,11.913185359593161,1.4239539950548834,0.666656202870493,1.763801171445641,0.8909493652581781,0.9981346304028411,1.1541545086032234,0.35294771019403487
782.0,12.979535568628746,0.0,0.09288644875397038,0.9305031098595111,0.22901761555094735,0.16213941392275624,0.5159565217723261,68.97759173884674,2.3574726091097276,0.15296910954434992,2.8415320059409983e-05,0.8470308904556502,7.739556623136922,1.5457851212720202,0.300444770038355,0.004846576152564517,0.09320526727877773,0.6063499626828672,11.895351881421453,1.4285156244184034,0.6664635937659736,1.7351000291681058,0.8855748260257842,0.9972319522491634,1.1644597128270742,0.3552990554357652
783.0,12.979536398241743,0.0,0.0917885291748821,0.9054716239663323,0.22942997618301103,0.15768671483424454,0.5210947798078623,68.99673953955022,2.3546673821838677,0.16118923111017608,2.9033593004974814e-05,0.8388107688898239,7.750312478566323,1.5573247502508563,0.2884690470166049,0.0035316503281966707,0.09318005736605013,0.618350895617345,11.903384769690083,1.432029165529974,0.6652402959193658,1.7293055187454982,0.887074696357401,0.9973582370916583,1.1581377735590168,0.3628840616434579
784.0,12.979542474325466,0.0,0.09093163819973323,0.9124796716159713,0.22954614303691032,0.1577924344892047,0.5217297842741518,68.93540166679168,2.352336187526067,0.15808779738926257,3.014067071977881e-05,0.8419122026107375,7.725562436958957,1.5435293969855342,0.29642853059891516,0.004525051151913532,0.09319077349418664,0.6103806959068983,11.932134221102263,1.440629089227849,0.6661445979743379,1.7371054980089462,0.8963466235417237,0.9976199960042784,1.1604751630185812,0.3521713587922859
785.0,12.979552155023844,0.0,0.09274964358981815,0.9035747806724426,0.22930780164175057,0.15807041515891257,0.5198721396095187,68.91680414911428,2.3497971057146985,0.16330657232013107,2.7645890703293467e-05,0.8366934276798689,7.8012963883923785,1.594725942039459,0.2981122061141011,0.0032447262989102137,0.09318749180862929,0.6087003020772696,11.906700013964402,1.427574774726075,0.6665417921172553,1.7425310287247928,0.8923175518687473,0.9980849783126898,1.1543977168112538,0.3577996055220859
786.0,12.979552886722432,0.0,0.09304495220385202,0.9390087372664679,0.22892187046390225,0.1627400433786761,0.5152931339535696,69.19770946482467,2.3582224729596875,0.13818355821015432,3.28273535426083e-05,0.8618164417898457,7.660360694260133,1.5229082109178476,0.2977688534662567,0.004461679381048575,0.09323441235987467,0.6089967341738687,11.977499631241237,1.4352156606572577,0.6662621724941187,1.8680005004947886,0.8957192985481041,0.9959499809669257,1.1702579487391676,0.2951526377330572
787.0,12.979561955383893,0.0,0.09346231112670361,0.917804826007111,0.22930058988849555,0.1605838720471539,0.5166532269376469,68.96635077783445,2.3563379732478684,0.15841595871066658,2.910823175283441e-05,0.8415840412893334,7.758502503653595,1.5539676713330501,0.30105772634544364,0.004351342001758427,0.09321374677013786,0.6057285268844186,11.912359480426959,1.432583039591898,0.6669003004473355,1.7513853738062664,0.8838330595142976,0.9971801168650298,1.1594077863006158,0.343794138864013
788.0,12.9795711629776,0.0,0.0963012770466063,0.9000354371797055,0.22915295100969657,0.15328799752262742,0.5212577744210697,69.23482867744072,2.3507738064797494,0.1650218183360328,3.165770014086169e-05,0.8349781816639672,7.635928642298014,1.5625775744159844,0.31688191993386294,0.003551954015704112,0.09315777297120714,0.5899603070949299,11.967891035906582,1.4334110071546964,0.6682822640091963,1.7537350873035817,0.9357326948828398,0.9979506831291745,1.1576923479664252,0.3548148856949175
789.0,12.979584367014168,0.0,0.09164354180547421,0.8926790218891272,0.22848457942282174,0.1594305923182956,0.5204412864534086,68.73734245330049,2.351044539710702,0.1641688327184538,3.0409717162997783e-05,0.8358311672815462,7.625692628989199,1.571184080966974,0.29008259345967274,0.002662414647653282,0.09317977916227783,0.6167376273780495,11.992339057513576,1.420860134243909,0.6657151639831115,1.7674264186525546,0.9484596846506164,0.9976516272242427,1.156299068060093,0.37568244580385574
790.0,12.97960672632295,0.0,0.09068847130405755,0.8963636503525823,0.22871940320767534,0.15938713638635205,0.5212049891019152,68.95947174875256,2.351218764840279,0.16962880940373876,2.7195164846036005e-05,0.8303711905962612,7.824913245863938,1.592381901252855,0.3013235547897174,0.00309075546010898,0.0931859893364874,0.6054904558737951,11.893675282230642,1.424402994940323,0.6653015756089248,1.752558580857281,0.8785424147676801,0.9979466558735719,1.1549061172862878,0.37279892925267766
791.0,12.979607141783047,0.0,0.09251172910572061,0.9073350928513926,0.2280256453545236,0.15723908150820606,0.5222235440315498,69.24567762621726,2.3502996578684283,0.15596402922061506,3.249125538469017e-05,0.844035970779385,7.745981005179683,1.5354981690366036,0.3056674850805421,0.004872385721554708,0.09317162873148617,0.6011608861879717,11.924268526239679,1.433988370080981,0.664326407170026,1.7682145937340947,0.881935450410871,0.9973644135720927,1.1594168772894267,0.3424451989204754
792.0,12.97960938429356,0.0,0.0937657094525702,0.9047753132730729,0.22875814435053188,0.16181509757003054,0.5156610486268675,68.8678807503807,2.3527590909667433,0.1685839137589244,2.6028258889971908e-05,0.8314160862410755,7.888099112326882,1.6030378284614617,0.3034247611431774,0.0034595432045678174,0.09320007851164099,0.6033751603451816,11.869817702152627,1.4146138027409552,0.6664766489452314,1.7542680314214762,0.8788228107597471,0.9974038470471993,1.1561391475829086,0.3487191192318928
793.0,12.979637036593846,0.0,0.0914625732086781,0.9136482170207452,0.22946139702436905,0.15476255222468963,0.5243134775422633,68.90072130637415,2.35578128540966,0.15678295615321736,2.9026765243724476e-05,0.8432170438467826,7.756321573051663,1.5504592808592772,0.2878393750517558,0.004252506944556628,0.09318939411343038,0.6189712308348139,11.927719299290043,1.4408420616309492,0.6656219420200272,1.7048992176580733,0.8812067198932834,0.9976972907706453,1.1572909947233718,0.3723730898151469
794.0,12.979646315889005,0.0,0.09291253968831019,0.8840252971599905,0.2290777997112701,0.1628479306202284,0.5151617299801913,69.07522798437645,2.3415277458076744,0.16346625959162478,3.013583244913377e-05,0.8365337404083752,8.002398460384766,1.5577340330946101,0.31067124194202583,0.004792085160175593,0.09309140148434415,0.59623735657363,11.809525513898654,1.44341018686621,0.6671918378992443,1.668729239931846,0.8934765154232338,0.9987225644888038,1.1478751192861798,0.3751569764224027
795.0,12.979666415076316,0.0,0.0924287921037442,0.9171316919125378,0.2291936848129441,0.15901998087150632,0.5193575422118054,68.92788785620453,2.354751035013857,0.1536117043796976,3.0132386526412428e-05,0.8463882956203024,7.719670586650199,1.5437187685817229,0.29020514735702446,0.003966442924164837,0.09320138835027018,0.6165934642927055,11.950035796947198,1.4377283580235738,0.6661291938430685,1.7535631384073955,0.8821163832763381,0.9971520430031449,1.160446609760063,0.34866293573902757
796.0,12.979671109035388,0.0,0.09254143370720432,0.9116181198000051,0.2293143689492537,0.15650309966125459,0.5216410976822875,68.98893240928496,2.3584142254822273,0.15394196882030198,2.9714364625784864e-05,0.846058031179698,7.717274752964433,1.5588550886935415,0.29679026766339184,0.004047414368720569,0.0931995566762567,0.6100101756603515,11.97340293501533,1.437025629738852,0.6655664139360082,1.740221971102001,0.8882372204363108,0.9973485733907388,1.1611393599138105,0.3569953615916074
797.0,12.979671233632308,0.0,0.09253921985929428,0.9352762710753113,0.22923275190167042,0.16266180499686034,0.5155662232421749,69.10869541933589,2.3601000631087086,0.1400901744502196,3.297021907080983e-05,0.8599098255497805,7.660905773069025,1.5107791015423164,0.2957880289650131,0.005272301424728084,0.09321832947426975,0.6109936415607171,11.978774754333173,1.4447574963558514,0.6654298865219506,1.7844015960897401,0.8837469936622404,0.9961282230518227,1.1692066390773634,0.3314241831372925
798.0,12.979675844804799,0.0,0.09086137085006002,0.9091537466720835,0.22962944890864323,0.15787765210537857,0.5216315281359182,68.9315273508688,2.3497474960356266,0.15937247404324706,2.876829491068242e-05,0.8406275259567529,7.789843908368952,1.5777197330859347,0.2961368527473498,0.003412629342706884,0.0931731286029503,0.6106900186496999,11.893729322706882,1.4348163340684577,0.6663129706107799,1.6999907432830965,0.8950539250898855,0.9979856741323871,1.1548841332273145,0.36750339617818806
799.0,12.97969158649886,0.0,0.09141146376645401,0.9259539480608556,0.22895266494766667,0.1669234531331809,0.5127124181526984,68.84182922328453,2.3525715585188203,0.15526760810509393,2.821166038828256e-05,0.8447323918949061,7.780576273306569,1.5667310327940729,0.29968270259668245,0.003818980247153019,0.0932197571298143,0.6070975402735033,11.887977507797006,1.4173430281447312,0.6666077495528907,1.7671907444857609,0.8755565254965821,0.9966914795077528,1.1630723251339505,0.33096311016182034
800.0,12.979700277292164,0.0,0.09086864960131392,0.9204678869396795,0.2296131253741025,0.1588817694265555,0.5206364555980281,69.01127821233712,2.3559147708111077,0.1513815297817433,3.1062291725157196e-05,0.8486184702182566,7.735777333867947,1.5331948473132886,0.2997019542770927,0.003954985108315129,0.09320296101061869,0.6070950847122886,11.95650252001576,1.447307653921468,0.6652040670148223,1.7881114986260234,0.8978611903060341,0.9970490878911625,1.1640373257542265,0.3408544198067861
801.0,12.979707876819042,0.0,0.09162725872788878,0.9141287844139205,0.22920049893232566,0.1567974138997361,0.5223748284400495,68.82851962049756,2.347682211582382,0.15752620093640332,2.8954812654563042e-05,0.8424737990635967,7.765160812447166,1.5731471332937317,0.2921207872008376,0.003953841516692888,0.09318316670337679,0.6146960460957855,11.92522498780211,1.4345335687023912,0.6660959895411447,1.7333497030699943,0.8900205189965462,0.9978355094745677,1.1589530229780483,0.36995960343789036
802.0,12.979716061502435,0.0,0.09125252146897829,0.926200663444576,0.2301330795133325,0.15563271227685976,0.5229816867408295,68.97545794334994,2.3550095411001353,0.1528778457042337,3.047458743600842e-05,0.8471221542957663,7.716480483281478,1.5673767197687558,0.29379043267937327,0.003287472620487404,0.09319358239119561,0.6130159849294311,11.933831084825474,1.435767482555606,0.6657078766747784,1.673130721268667,0.9057577698825512,0.9976625065631378,1.1614320320875153,0.356000892843007
803.0,12.979721084254965,0.0,0.09287597969963897,0.9100110704171283,0.22943663504855993,0.15691313311338234,0.5207742521384189,68.83593116581727,2.354579412760586,0.15770656795152468,2.8384633089163617e-05,0.8422934320484754,7.768500082330075,1.559148757801169,0.2856507532559447,0.0037273049649513062,0.09319338767015078,0.6211558590739045,11.938882317649472,1.4393011246869531,0.6656088846631518,1.6932056834099256,0.8782412475252315,0.99763330197684,1.1559561103308875,0.36664630763117606
804.0,12.979730028115208,0.0,0.09214243666676387,0.9093551592143164,0.22919944262167263,0.15737846265377237,0.5212796580577912,68.94933530684293,2.3526965950216674,0.16051243755431685,2.86024882514213e-05,0.8394875624456832,7.75875935980288,1.5850471107566269,0.30449604888033593,0.0037435625348758053,0.09318951351197347,0.6023144376076905,11.90793409564587,1.4249886930746625,0.6666758328442778,1.7139218450204943,0.8960909043709748,0.9978659935030714,1.1578682868531287,0.36048460442261354
805.0,12.979732119149414,0.0,0.09178816201123817,0.871119023569428,0.22721082157411865,0.1674283875513323,0.5135726288633109,68.48724308519596,2.3317606121232766,0.19627120880874296,1.745853001257988e-05,0.8037287911912571,8.13581062863998,1.7223193520098765,0.317916248212588,0.0019652475727301093,0.09316409674413029,0.5889196550432817,11.746222181398037,1.3685101227765912,0.6673189719736671,1.6649118012881383,0.8548156037679178,0.9988208428464318,1.1459658783958093,0.3692806890020185
806.0,12.97973628184623,0.0,0.09203223700234656,0.8914615025564631,0.2292018913655605,0.15603690334378156,0.5227289682883114,68.91281361739,2.3509046526345814,0.16246632350286325,2.932180879347427e-05,0.8375336764971367,7.785122868273575,1.591498996833264,0.29356153362027687,0.002272930504083205,0.0931871637328312,0.613251302646892,11.961683692055935,1.4326959028936175,0.6656130378850298,1.7014075535447697,0.8767868462813355,0.9976412781228972,1.152033209401065,0.3547535975035683
807.0,12.979743499193553,0.0,0.09139606180375486,0.9448589815756676,0.23065369709663408,0.15368024418732498,0.524269996912286,69.16639584320964,2.3542168640642025,0.14245572301839626,3.212526636070928e-05,0.8575442769816038,7.626044929650771,1.5791903562168415,0.30044026855156236,0.0024910304398244702,0.09319901006675149,0.6063607213816863,11.950338523497852,1.4298686024594958,0.666217796531948,1.6336268545628652,0.9323242677680789,0.9974510342042214,1.166283107580032,0.34019963328097436
808.0,12.979744651583882,0.0,0.09323635556554749,0.8898495987490135,0.22907028186497586,0.1624459437890204,0.5152474187804562,69.03929120211987,2.3593727190735603,0.1638161330968316,2.3440786202092425e-05,0.8361838669031685,7.929667948420674,1.6217113369688492,0.30943575806583623,0.0026490276297703027,0.0932078210008764,0.5973564209332873,11.822882434264724,1.4045672914278606,0.667358745977817,1.710748763746153,0.8815901915345365,0.9972763150003681,1.1501602792524468,0.3275304606726982
809.0,12.97974875011078,0.0,0.09095163270506282,0.8986420630290164,0.22953640369203715,0.15694806320181992,0.52256390040108,68.93566395302247,2.3533935675115774,0.16024245152170938,2.9119672372913077e-05,0.8397575484782906,7.848610022331847,1.5536767371362383,0.274399627946465,0.003321556190368777,0.09318437581069322,0.6324159962428417,11.921335883814654,1.4460929817107602,0.6642159360703335,1.7762447542338242,0.8773906035962867,0.9980732048141794,1.1536582711299201,0.3404328634618335
810.0,12.979755757627991,0.0,0.0901901530807166,0.8986425873510824,0.22872419568516925,0.1602318949784549,0.5208537562556592,68.67815322576661,2.3443083199008883,0.1701110076872577,2.571456408733005e-05,0.8298889923127424,7.870693383159286,1.5989254467281533,0.28844835864376317,0.003792443245603032,0.09317856449793185,0.6183730768583051,11.892781434718087,1.4256902632307062,0.6661879833919506,1.6915243072118071,0.8674593994790132,0.9981675128252088,1.1538332491059575,0.37669117861488277
811.0,12.979756582403805,0.0,0.09122819355852557,0.9318830704071566,0.23048866718993422,0.15427585851861464,0.5240072807329257,69.11757360092693,2.354336642937933,0.1484586250678753,3.138459326006542e-05,0.8515413749321247,7.678342999820753,1.5695444841836181,0.3034740022556793,0.002724088517764941,0.09319326968769846,0.6033327280566223,11.950524800324906,1.4375123800952503,0.6656655420990805,1.6779865481939478,0.9275834044954101,0.9975633079873203,1.1642101531986362,0.3443592553398156
812.0,12.979758564712917,0.0,0.09078860799113055,0.9425614079720588,0.230433156811356,0.15509429854873655,0.5236839366487768,69.07497555266455,2.3532134017372863,0.14829103964193766,3.0889536196418736e-05,0.8517089603580623,7.6696085616366805,1.5797057610620895,0.2992870644339991,0.0031153117640090287,0.09319562961771857,0.6075173059482823,11.94531122208733,1.429130650124934,0.6656178260459726,1.6427789390026368,0.9256366392727363,0.9974595798825039,1.1670153358614967,0.3443576820329146
813.0,12.979799812312988,0.0,0.09254072106999321,0.9122926327807812,0.2291771089610493,0.15524595601682628,0.5230362139521313,68.96967988908301,2.3552397775082943,0.15600676609658534,2.8225374303343127e-05,0.8439932339034146,7.704290772420567,1.5569028365875348,0.288733744218507,0.003966736059732633,0.093195820906256,0.6180704348752369,11.94889848440682,1.441076033980132,0.6656258856333688,1.729145628160273,0.8891101215541763,0.9978638678654017,1.1561158886922511,0.37890799754094007
814.0,12.979800317955904,0.0,0.09168030121116438,0.9152535495800541,0.22910207288096007,0.156361123651723,0.5228565022561527,68.98862836444073,2.3532728045600115,0.153740829248294,3.1348427312164736e-05,0.846259170751706,7.744655146345767,1.5436106019954394,0.29241892864543423,0.004583558519048138,0.093192169412372,0.6143889019421939,11.92788802208651,1.4408931144881794,0.6650721162678068,1.709916622828617,0.8740836045237157,0.9974050365852589,1.1589646109870044,0.3625747487341089
815.0,12.979803973269288,0.0,0.09275076788079202,0.903443786836766,0.22931845606508516,0.1613337297209121,0.5165970463332107,69.07350895038319,2.3567566628017764,0.15992735114883969,2.9285578471853055e-05,0.8400726488511603,7.780778880142472,1.5643495557567366,0.301002906170508,0.0034423050211843014,0.09318521815817954,0.6058118756713124,11.943741106023467,1.4326674141025806,0.6653465852034858,1.8174683371686318,0.892386106233549,0.9973073754605788,1.1590129728104117,0.3341517757068221
816.0,12.979811980447206,0.0,0.09388429690821552,0.8333913903137546,0.2258641605218592,0.17046160803192856,0.5097899345379967,68.26484066100156,2.3179849176182286,0.22616075742714378,8.990428439511947e-06,0.7738392425728562,8.44210954733451,1.8332692822128154,0.33655934453701086,0.0003961181283422951,0.09312039198041724,0.5703202634825719,11.624596758320354,1.3275492733485708,0.6688039043038942,1.6649655027425108,0.8331815995786898,1.0,1.134453182646224,0.3802910930766299
817.0,12.97983433651751,0.0,0.09353573184679029,0.9457328265094882,0.22845978399723776,0.168340490397329,0.5096639937586429,69.17841775602396,2.3588064992326125,0.1417305187439038,3.1385243202389656e-05,0.8582694812560961,7.681438245693862,1.5389084793364303,0.31091657257017685,0.004471181477862504,0.09324217556367112,0.5958412518661521,11.940223888158105,1.4178333402660865,0.6674474207195592,1.8654690563906682,0.893116253638624,0.9956597966583929,1.1721281954353948,0.29120822773196586
818.0,12.979837959410155,0.0,0.09095165863588604,0.8915539556206458,0.2293218265231367,0.1555245494223752,0.524201965418602,68.91911434878092,2.348444885585218,0.16534322186312717,2.7354014631005882e-05,0.8346567781368728,7.841820627210866,1.5946593990465514,0.28676434011175156,0.0025314573250642537,0.09316336111214078,0.6200722987761077,11.920346082672634,1.4347373902071336,0.6653793240064455,1.740141860350465,0.8768966277751382,0.9983640943658851,1.150433997520317,0.3663856910474123
819.0,12.979841299802173,0.0,0.0896431223756526,0.9039119802503441,0.22916539773204148,0.15740888180392998,0.523782598088376,68.81566094450768,2.3477982006035636,0.1617753967654872,2.7783362134537074e-05,0.8382246032345129,7.81143495058307,1.5838588171140329,0.2937477129971211,0.0032000870783140418,0.09318066451911684,0.613071622483762,11.903586159169539,1.430190915778293,0.6657124047880352,1.731504071182742,0.8803219992977197,0.9980764601296854,1.1555294545366137,0.3696890311136871
820.0,12.979841508564158,0.0,0.09120994655501001,0.9235004197516261,0.22883308669168007,0.16845881352371925,0.5114981532295907,68.83597027447532,2.3514041213991117,0.1579441828662024,2.7516647190381848e-05,0.8420558171337976,7.807472244166605,1.5774060105916181,0.30237843884750665,0.0034927775832286883,0.09321692551504879,0.6044046356374446,11.87148013091624,1.411640678355109,0.6668865710751258,1.7630615994541503,0.8733810933200963,0.996754432011238,1.1625156333309659,0.32972420813345926
821.0,12.979844849383607,0.0,0.09227504671626142,0.9164372234881925,0.22965791122097196,0.150873236649592,0.5271938054131747,69.18405537225277,2.364126956806709,0.13278514491076843,3.0066650646840808e-05,0.8672148550892316,7.68652613184555,1.548042773926377,0.2855005432545357,0.00541203864657197,0.09324068026033287,0.6212587764851314,12.020662604585876,1.4454147397688077,0.6657935873817156,1.7633534801235,0.8816074301585493,0.9953534629768761,1.1621117148244589,0.3097352887371304
822.0,12.979855261517995,0.0,0.08563333918748108,0.8864118070986766,0.22840007304369683,0.1586783334406205,0.5272882543282017,69.09087475582227,2.3365420325802044,0.15892249215469315,2.5319193667948997e-05,0.8410775078453069,7.902140585756333,1.6028536876984671,0.2803559286356487,0.002705213071031225,0.09311586024261097,0.6265282111217404,11.81186817616979,1.4143429355007775,0.6662620768786014,1.7439982878914566,0.8549800269797604,0.9987763814760193,1.1514444294619808,0.37742614092238685
823.0,12.979864130615189,0.0,0.09140273600515005,0.9188570642275398,0.2294898996076652,0.15230041304457426,0.5268069513426106,69.0080916996074,2.357186777393783,0.13909309473246623,3.0320494853010244e-05,0.8609069052675338,7.673293106858376,1.550677710385211,0.2909050040591912,0.005046599502636054,0.0932295243313443,0.6158654716094645,12.00560195003231,1.4433542696869475,0.6660798817994347,1.7306397189184164,0.8900792330486091,0.9960376629155749,1.162409664195638,0.3266192305149728
824.0,12.979870913185172,0.0,0.08962935302690433,0.8974756389441276,0.2292026935517725,0.15410612985370936,0.5270618235676138,68.70235810306454,2.3481759592033846,0.17062598922967476,2.6880580813534285e-05,0.8293740107703252,7.879781385543749,1.5749030590346762,0.2781740609514362,0.0034472415886006944,0.09316669824580541,0.6286592408027585,11.87405710436917,1.4341574440160552,0.664915419286202,1.6884836267373924,0.8664840280968908,0.9983547671233142,1.151591743872939,0.36968995797837856
825.0,12.979877126515902,0.0,0.08958352563978544,0.8984389381229911,0.22908402526233373,0.16062557229838254,0.5207068767994982,68.93976055102291,2.3545243544581833,0.15275065166904692,2.8302464737010693e-05,0.8472493483309531,7.706831127509151,1.5691931965132988,0.30566226100679167,0.004496941913761668,0.09318934517263762,0.6011483938205707,11.940037694362292,1.426188189482937,0.6656934846197072,1.703942839158893,0.8647845453246195,0.9977067606681614,1.1571548491429282,0.3635949545415267
826.0,12.979914933222913,0.0,0.09333075853253237,0.8927273988304059,0.2289295244736776,0.15326598786732043,0.5244737291264696,69.08758021845402,2.3539038080782904,0.16018529195135292,2.95890223936739e-05,0.8398147080486471,7.763052687125981,1.5756358273095985,0.2930973184604035,0.0028023718555674924,0.09317435130374933,0.6137283302358473,11.964662635481663,1.4350870999655498,0.6649977198682764,1.7520302564103574,0.8719525315846774,0.9977695389860612,1.1535454847319075,0.36156570281776523
827.0,12.979928587788939,0.0,0.09179043660620538,0.9174088815763677,0.22939452022793955,0.16133039232921223,0.5174846508366429,68.92655597312837,2.3567748265819413,0.1566196764540073,2.920881160156913e-05,0.8433803235459928,7.754020295369548,1.552762359135167,0.29164717122947786,0.004231016323952496,0.0932009781346309,0.6151518506358913,11.923037238158816,1.4349587581941046,0.666089515373276,1.7305077915494116,0.8802769795825507,0.9970928412877214,1.1605759387603487,0.35968039182098527
828.0,12.979940851740801,0.0,0.09130925382045071,0.903632962515292,0.22981693279119442,0.1494221590248513,0.5294516543635035,69.21297508594836,2.3548663441843694,0.14068379574782722,3.630460293435993e-05,0.8593162042521727,7.682701215478204,1.4653786816138095,0.25824146094814915,0.004768213837735091,0.09318503225301589,0.648573506798835,12.068917572453962,1.490264949502536,0.6615551174799896,1.8943602358007026,0.9032583156504937,0.9973650881684314,1.161152667054585,0.30773262370535326
829.0,12.979957568628622,0.0,0.0913521628664876,0.9001725172909548,0.22731989714409115,0.16750876377054236,0.513819176218879,68.96865636141965,2.3317606121232766,0.17193979296868778,1.745853001257988e-05,0.8280602070313122,7.796930282014641,1.5849325981826965,0.317916248212588,0.0019652475727301093,0.09316409674413029,0.5889196550432817,11.9083997673508,1.4254027662807818,0.6656786138587872,1.750823703562637,0.8826543974115646,0.9988208428464318,1.156520576832625,0.3692806890020185
830.0,12.979957912939657,0.0,0.0928865114230475,0.9154734248597611,0.2295110594221929,0.15750596618266502,0.5200964629720946,69.04941057727486,2.355773776991259,0.15601017743650486,3.0322361283263484e-05,0.8439898225634951,7.733202270180124,1.5660763317260868,0.3020591525211728,0.004015948809972626,0.09319177208846988,0.6047490753903574,11.92701839837974,1.4339988650084672,0.6664586913921986,1.725832721658799,0.9023785737841068,0.9975379247737179,1.1597793766856475,0.35579156505864484
831.0,12.979961870782116,0.0,0.09554690816036507,0.898188217592108,0.22907735999769302,0.15417434855273335,0.5212013832892086,69.26892497237995,2.3604171819703277,0.16326240991993066,2.9106162979578735e-05,0.8367375900800693,7.801333259624836,1.589977151886548,0.31473572510449765,0.0025066215539633007,0.09317487678834153,0.5920893981071609,11.900726706710861,1.4252131795047642,0.6677979674102169,1.7728980578318458,0.9124413722788749,0.9982304676046947,1.1560080853997077,0.35892336908707967
832.0,12.979963245096243,0.0,0.09376897410622534,0.9373808921362579,0.22993671115622227,0.1596582013800766,0.5166361133574758,69.15850774661298,2.3630242169744697,0.14770249425236717,3.3991027797667793e-05,0.8522975057476327,7.585609374519791,1.5217060473740478,0.3072501816950814,0.005803585703023741,0.09320952713423554,0.5995402911706831,11.985004098261705,1.4483258294774313,0.6669325357986506,1.6441356629667305,0.9276861035944928,0.9963517152489567,1.1682367355317087,0.36111819469999473
833.0,12.979971367015326,0.0,0.09366195785969188,0.9129770346657885,0.22872465374194656,0.16357314281519483,0.5140402455831667,68.92921763034559,2.3553332155185034,0.16703953625757806,2.5486867153655132e-05,0.8329604637424219,7.8113364984768445,1.561670353903715,0.31245269808860016,0.005219409568435404,0.09318629817818344,0.5943610037332164,11.854787598156861,1.4149106848442738,0.6673570074703441,1.6476033864456194,0.8976942145371658,0.9973676059459489,1.159098815508493,0.3478728542090167
834.0,12.979973183857686,0.0,0.09146251308211203,0.8888150720420529,0.22914754455613762,0.1645989938568655,0.5147909485048848,68.83737022151584,2.3541578727694987,0.17786751886190122,2.447385620525486e-05,0.8221324811380988,7.935118188733895,1.6089974012333808,0.3103032431254717,0.0021067184438363497,0.09317180368574467,0.5965249531887837,11.788021926536194,1.408226432982992,0.6665751567530868,1.676216674311382,0.8870535691119092,0.9986247328309125,1.149170765260933,0.3634747662753577
835.0,12.979976400209347,0.0,0.08957577628272936,0.8917598576277046,0.22999446590471376,0.15869968753431862,0.5217300702782383,69.14735711098959,2.363913908021229,0.1479388371820267,3.127863243035808e-05,0.8520611628179733,7.704432591968222,1.5783000188809504,0.27920915349003306,0.0043048291554769955,0.0932060423745746,0.6275848041353924,11.959223896785987,1.427550131969722,0.6638318418036723,1.6836929553579791,0.8698099145494428,0.9967795615674083,1.165079734477877,0.3455159624781468
836.0,12.979983671161664,0.0,0.09077218866360488,0.9176102858597435,0.2292927716091401,0.16281537791235187,0.5171196618149032,68.85026535029327,2.3533367772457265,0.15724817452562012,2.915913864668427e-05,0.8427518254743799,7.769251946775558,1.551046290744993,0.29070710585567794,0.003685632117542194,0.09320441134305707,0.6160884828012649,11.913917716252856,1.431415373127732,0.6658361321882809,1.7605820614446273,0.8822455575638601,0.9973247507972212,1.1609685868002586,0.3404523850816693
837.0,12.979991592945384,0.0,0.09025371931880603,0.9435588653121617,0.23038883971687463,0.15294882251073377,0.5264086184535856,69.0052840797772,2.353117305654683,0.13615508275125457,3.5975960824418096e-05,0.8638449172487455,7.642678759407869,1.5001278803310734,0.279951419210764,0.005746354966452152,0.09317757490645374,0.6268710058827823,11.972617762669248,1.459158258207425,0.6634092622057755,1.6511780395520077,0.9300157999165513,0.9971817600818488,1.1642883420261056,0.35134856677544724
838.0,12.979996861499188,0.0,0.09232404885510796,0.9215607405392663,0.2293181811425521,0.1548239751077059,0.5235337948946341,69.02048386424929,2.355658621233798,0.14788864705271154,3.0175172124068967e-05,0.8521113529472885,7.688473665450939,1.5568088261777588,0.29368369513256637,0.004115331438081045,0.09320194545641984,0.6131143594110138,11.937174315282148,1.435570049032016,0.6669355529712455,1.7052159043118542,0.8904304200515687,0.9974744960797554,1.1597376742811947,0.3631259066876622
839.0,12.980015257418607,0.0,0.09173482545380136,0.9095251562638673,0.22961953022804266,0.15794001395306903,0.520705630365087,69.08456579582318,2.3586475716308755,0.1590867483210341,3.0391680609395886e-05,0.8409132516789659,7.778076723407462,1.5719810634637836,0.2881779553863083,0.002954427489056364,0.09320267625915751,0.6186193683545342,11.877292666656157,1.4301942436326098,0.6657026026327265,1.7373366975265518,0.8890971725532383,0.9975486570491094,1.154738336131479,0.35528041445975234
840.0,12.980035060335714,0.0,0.09127162462547214,0.8969480254913348,0.22932371124358558,0.1586933661547119,0.5207112979762303,68.89926451970805,2.354511193510339,0.16587994643799567,2.7681965175642637e-05,0.8341200535620044,7.825980141149945,1.56912494705218,0.28732900722638177,0.003363293075245296,0.09318353483043001,0.6194874579431882,11.9125966225337,1.435286671236023,0.6648452097934435,1.758506621584495,0.878922788712307,0.9979960169306274,1.1540232835041244,0.3570191344831321
841.0,12.980041044687942,0.0,0.09213391505717541,0.8967401535484161,0.22955849165058778,0.15764142667635514,0.5206661666158817,69.05754785363168,2.359608818542148,0.16851858198760694,2.854429176879235e-05,0.8314814180123931,7.80130340597476,1.5582087840673011,0.2941888823097925,0.0034582614365720995,0.09318980198716821,0.6126213157030393,11.925662722977982,1.439633114446187,0.6646127739062309,1.7663698410366915,0.8848286919002462,0.9979293052141134,1.1547110019311222,0.344136503182744
842.0,12.980066900756137,0.0,0.09242344800568547,0.9076399931722463,0.229677450503755,0.15153634231436547,0.526362759176194,69.12365036224612,2.3600083261639497,0.13991406336683676,2.8588729024510896e-05,0.8600859366331632,7.7686372325369035,1.5599988336748474,0.281678207379228,0.004832624875765235,0.09323138150559108,0.6250904111151809,11.983383407435738,1.4438694940799373,0.6655635308897281,1.7988873051846253,0.8793975325708274,0.9958283169750184,1.1571534797329015,0.3059150752412082
843.0,12.980069796290282,0.0,0.09124214174554364,0.9123040660953011,0.22901353418960924,0.16154761877993531,0.5181967052849119,69.13065990551087,2.356004131499332,0.15119459229447466,3.149115612837655e-05,0.8488054077055254,7.719100408286971,1.5441203913088382,0.2992060699430336,0.004263659460240064,0.0931985125346068,0.6075954175223597,11.948899771564681,1.4336625920947659,0.6651434874609788,1.7681442269197218,0.8781518472552439,0.9967525124924488,1.1616842896039712,0.3340421021008927
844.0,12.980072782682784,0.0,0.09240137731610955,0.924787403336538,0.22955616097478543,0.16454299820503648,0.5134994635040685,69.03054040950175,2.359538450199741,0.1528797837423883,2.9221452242414348e-05,0.8471202162576117,7.752192654186221,1.5559293739237163,0.2987037540833301,0.004680360466248034,0.09320721514846823,0.6080890307682018,11.907972747060487,1.433262507195678,0.6665639677783218,1.6697467687307435,0.8950613709005331,0.9963823100164888,1.1617338601919853,0.36411282019274005
845.0,12.98007837799371,0.0,0.09286197302291264,0.8679478185099838,0.22726666054616687,0.16745490257481882,0.5124164638561016,68.46766137870556,2.33295087372272,0.19982595850570808,1.6667029883412105e-05,0.8001740414942919,8.158277707594326,1.73741412244829,0.3217553976879626,0.0018097296790538452,0.09317106683882281,0.5850735354732146,11.733319541054724,1.3647318925098388,0.667570248657167,1.6644871886140653,0.8568409728484967,0.9990308478768377,1.143526916093272,0.3725241643502618
846.0,12.980100570633338,0.0,0.09285475218905848,0.9344401075740465,0.22890957076669988,0.16574948486788982,0.5124861921763518,69.08030969498242,2.356803027431709,0.14392405310464185,3.12528302999719e-05,0.8560759468953583,7.689510520798491,1.5357068859444332,0.3000107736544523,0.004406906075518441,0.09323379647371519,0.6067554298718326,11.950973049796477,1.4291491518971264,0.6665061555828015,1.8420904304166354,0.8882893587102498,0.996124893199107,1.1677271895644092,0.30834658297274964
847.0,12.98010426496115,0.0,0.0923342260256761,0.914250344674486,0.22969637949403135,0.1544026929504702,0.5235667015298224,69.05502842218803,2.352498527870926,0.15091066454521332,3.0910041733593646e-05,0.8490893354547867,7.695362034752436,1.562420211522438,0.2972133509188316,0.0037779145960239323,0.09319935524929229,0.609587293831876,11.941439061753831,1.4369356712483048,0.6663963561541603,1.7462602949284323,0.9088862789635825,0.9975901543722383,1.163617684051103,0.3564524466464928
848.0,12.980108418260954,0.0,0.09158514947737813,0.9137017892234408,0.22954676399021734,0.15709074861977382,0.5217773379126308,68.9289224459046,2.3548437143098244,0.15635564576830588,3.050022909610638e-05,0.8436443542316941,7.759752768127544,1.562127228517224,0.29011644762870603,0.0039179687390896445,0.09318957203398273,0.6166939803373113,11.91968440299955,1.4371902653894673,0.6660731367159206,1.6896932207464999,0.8861158155890709,0.9978406274952745,1.1584553281552723,0.3657132911149653
849.0,12.980116555286804,0.0,0.09346230979073321,0.9133406468154937,0.22870668299797478,0.1632794882214456,0.5145515189898465,69.00953314340765,2.357108466782272,0.15820067689165318,2.792942062150368e-05,0.8417993231083468,7.809262130853417,1.5640438595199726,0.29998183808016177,0.003667516544053822,0.09320699770131964,0.6068111642185187,11.907120318724747,1.4255318980696132,0.6658115195927643,1.7717211145050062,0.8797745208803118,0.9971974740141394,1.1605164612779637,0.33912108657992607
850.0,12.980118281723243,0.0,0.0887751411426276,0.9026166741379638,0.2294820375951494,0.14937790563506617,0.5323649156271568,68.75542057181082,2.3473663136453906,0.16394578597113602,3.061086190197777e-05,0.8360542140288639,7.795750332772123,1.5330304432826207,0.2685272581575731,0.004389253084952216,0.09316424215203245,0.6383084996903945,11.91084428393982,1.4533364169408,0.6643783848337952,1.6809436949888759,0.872679329697003,0.9980557318789429,1.1542136944941077,0.367590023703229
851.0,12.980129499053824,0.0,0.09220531270767544,0.9099631861093783,0.2291551050673096,0.15469524044300026,0.5239443417820148,68.8780430080686,2.3545216585441633,0.156482517223911,2.8149791774438342e-05,0.843517482776089,7.694437221047881,1.5553839785887102,0.29023034062569397,0.004469557540922736,0.0931975557352593,0.6165721036390468,11.947641764294106,1.44123614837541,0.6656052549316748,1.6850690968987785,0.8891918222288461,0.9980056228685261,1.1562040895406667,0.3867145765977031
852.0,12.980151937042574,0.0,0.09112757373588913,0.9109334347388722,0.2296444554870111,0.15958131210578347,0.5196466586713164,68.95780782002002,2.3549946282291154,0.16161949074967175,2.879555183838949e-05,0.8383805092503283,7.744852389183612,1.54947714579711,0.28648550211211976,0.003844198245037747,0.0931825028213219,0.6203319950665583,11.877122827207979,1.4307186222004413,0.6653442570841185,1.7195663454605588,0.8935556241171397,0.9971819648511999,1.1601058973420637,0.36344907256875475
853.0,12.980171129258919,0.0,0.09403868218911485,0.9040324430939086,0.2294723351917663,0.152121499650169,0.5243674829689499,69.25073633305297,2.362041199735786,0.13809435105155968,2.82226057990266e-05,0.8619056489484404,7.756393184149166,1.5715932778248949,0.2840026731700334,0.00438649399631263,0.093231594797905,0.6227657320320616,11.998234298371733,1.4373493938433097,0.6659321561779054,1.8264301441726296,0.8749647505618864,0.9956829818757944,1.157110037321429,0.3023139908294865
854.0,12.980171272981865,0.0,0.0962317499463034,0.843467453439984,0.22552470222718102,0.17896198864487894,0.4992815591816366,68.52840815993939,2.331511621410132,0.23242924937182907,8.51279234239154e-06,0.767570750628171,8.399668725080549,1.8693624723160291,0.35467848812415703,0.001467883314588085,0.09318146030278673,0.5521400515730563,11.590401153348653,1.2951029757418862,0.6707236340466407,1.5466686108288643,0.8462219995550925,0.9990309061300315,1.1398689819734247,0.3546535377584108
855.0,12.980171629043536,0.0,0.09092696361978254,0.898841407310018,0.22956130791719237,0.15879978725191898,0.5207119412111062,68.86112556215647,2.3517366813057055,0.164365128171938,2.7637092699370817e-05,0.835634871828062,7.766818933896303,1.5700633897159828,0.2987954419826232,0.004518499457197555,0.09319169473607995,0.6080128632812968,11.891698099424561,1.4296144909856152,0.665920404606523,1.6783718384500113,0.8850966184676067,0.9979732315502476,1.1572990013002011,0.36527489351922254
856.0,12.980175267620771,0.0,0.08964094642329873,0.9243267196270938,0.229875235919523,0.15749609221756125,0.522987725439617,68.76958252474822,2.350448929926642,0.1560628241123921,3.0035046879458214e-05,0.8439371758876079,7.722971548453199,1.5555329118310879,0.28584867487060206,0.0037365462875342302,0.09319200735626397,0.6209593177731341,11.935774656506528,1.4385960301201919,0.6656210580370785,1.660090534709096,0.8920996421839864,0.9975849272311039,1.1607551287285458,0.36123961618671235
857.0,12.980178629900287,0.0,0.09302550972057114,0.9255985392014061,0.22988365597947868,0.15384176471451771,0.5232490695854326,69.12298545889158,2.3545253490137794,0.1436943858862564,3.268805528488753e-05,0.8563056141137436,7.622132738523222,1.546300617760381,0.3024378563223717,0.004401143231503772,0.09321735231786805,0.6043447913597603,11.95198555129443,1.4380348117688904,0.6669048722280178,1.7493195122174159,0.9248811045578046,0.9972031843754149,1.1702095273164959,0.35148582444603305
858.0,12.980191997212689,0.0,0.09313120138594906,0.9082360338521536,0.2295917586100895,0.1514790851203611,0.5257979548836004,69.14592134812621,2.3581745153220792,0.14846566930732769,3.268881218332061e-05,0.8515343306926724,7.696154529509485,1.4868289332806004,0.2735717619738567,0.004933519834431721,0.09318277562404917,0.6332454624020942,12.038580282401401,1.4724395510564579,0.6633321659234575,1.8325824822457362,0.9033733175295507,0.9973203737610157,1.1579452946358972,0.31781904956842805
859.0,12.980192985743772,0.0,0.09200480585431642,0.919600568721487,0.22919698236927744,0.15767738510826845,0.5211208266681376,69.07807810571448,2.3554849344702697,0.1521237307117546,3.081469225990728e-05,0.8478762692882454,7.690851440753234,1.5606906148081277,0.305850791693248,0.004371330577668,0.0931988260983161,0.6009503822084359,11.943458798936287,1.4304209544161595,0.6667307840305268,1.7557007300305796,0.9027266577909275,0.9972510318698811,1.1631929572816762,0.34606135601154797
860.0,12.980193732023107,0.0,0.09792069343448367,0.8972346448231585,0.22906955742041163,0.15285864043852634,0.5201511087065783,69.37821526750233,2.3649820438471734,0.16516744320807336,2.9417165552985007e-05,0.8348325567919266,7.82170467594806,1.5900172576294036,0.3131579732074594,0.0023266642666626867,0.09317822211024618,0.5936638046822944,11.880963732488977,1.4245596729591037,0.668676818353244,1.7689455197235149,0.9144749440135331,0.9984981427026999,1.1541688470285916,0.36494930979776274
861.0,12.980213184637583,0.0,0.08949152635751514,0.9135295691031375,0.22926315229371919,0.16058459745126938,0.5206607238974963,68.69593516287316,2.3480976628758263,0.15894357467249934,2.824962582594823e-05,0.8410564253275007,7.78699629873168,1.560758367170922,0.28543307570564935,0.0037796700702628474,0.09319091071002847,0.6213760135843222,11.914262973531674,1.4351361188614533,0.6657164486618267,1.7155672516897855,0.8756993950647899,0.99764628686437,1.1582004707603124,0.36450680730419616
862.0,12.980229504505889,0.0,0.09224280112770408,0.919045588625086,0.22976999852420357,0.1590077143789786,0.5189794859691138,69.12107818627618,2.3590285424162314,0.15324428215126623,3.228829128809518e-05,0.8467557178487337,7.563254906690717,1.4789257892365546,0.3171301566389121,0.006860273602534717,0.0932144875942214,0.5896553557668665,12.00152777634873,1.4546872354256473,0.6672879908887188,1.7640602314813196,0.9255608229406681,0.996621977729198,1.169848151465956,0.3266227771543094
863.0,12.980233177717126,0.0,0.09339706429141326,0.8822794336371329,0.22925934494743727,0.1574412149847284,0.5199023757764211,69.01699179485833,2.351447811692044,0.17251993221317072,2.6888893117245484e-05,0.8274800677868294,7.867989433635353,1.601431371029058,0.30413329817161877,0.002496294643391884,0.09315745750065285,0.6027092443277284,11.907250654478984,1.4270543499100905,0.6650744760688425,1.8218223274497918,0.8969819277991244,0.9984483077685163,1.1509287007837212,0.3501383357325301
864.0,12.980260184103749,0.0,0.09302945836432006,0.9371467607587622,0.23025636790468923,0.15805626592839875,0.518657907802592,69.14416868255606,2.3486892313998986,0.15374507815108945,2.9891486392210222e-05,0.8462549218489106,7.733750056012621,1.5747895196187263,0.31026403045942436,0.0029367250577044717,0.09318745940696625,0.5965485101336093,11.911861218112715,1.4306068199206718,0.6666109748925941,1.7125897867955473,0.948100870066699,0.9976471723240694,1.1621167491732056,0.32679533285948414
865.0,12.9802674348512,0.0,0.0914319295612417,0.9463812457837173,0.2305531377062923,0.1502686732499953,0.5277462594824707,69.081254468048,2.36367958717038,0.1315309979820411,3.6069136811125596e-05,0.868469002017959,7.609131425768964,1.4783514642688989,0.27327703429051303,0.006828680658910815,0.09321766335522247,0.6335053023542645,12.066742038627021,1.4874995253694283,0.6634690354873802,1.6689818862839456,0.9015982236775139,0.9967213386268519,1.1714944268038892,0.3684081262102747
866.0,12.980268485696751,0.0,0.09050921836824033,0.9045956964986017,0.22983024359704163,0.159792448897145,0.5198680891375731,69.06978558626507,2.351095551659321,0.1583048374477109,2.9504717936233776e-05,0.841695162552289,7.795584725478767,1.5641675798193742,0.30755928037270186,0.003611218926085992,0.09317186267242883,0.5992688569548694,11.943988468333458,1.4448950708605386,0.6648960576040592,1.7954802270100594,0.9069493561732701,0.9980002627818025,1.154289317792678,0.3359999106581192
867.0,12.980270165583086,0.0,0.09227152445627114,0.8781672838979693,0.22904012045662167,0.16269234244108902,0.5159960126460182,68.90832721457627,2.3558821798755964,0.17939928230162694,2.4467105398442335e-05,0.8206007176983731,7.9593271713444835,1.609761460248642,0.29199531889539343,0.0025954773245689395,0.09317964623008622,0.6148250348745204,11.838911762578432,1.4154161878877365,0.6649464321391749,1.7398022348997966,0.8697218493420461,0.9984445483516113,1.1482703471033042,0.34904685901859295
868.0,12.980271802150128,0.0,0.09635189680890381,0.9555626739242304,0.22970418382586955,0.1566419595024342,0.5173019598627924,69.39788944984872,2.3746478173412395,0.1254208848820168,3.649826953959208e-05,0.8745791151179831,7.452194717181574,1.4350917757349697,0.30103326730847935,0.008323211065552656,0.09325393215322701,0.6057128005382937,12.04780238078975,1.4602405608086002,0.6658222591890246,1.7455619408144745,0.9192353172287782,0.9950140818825703,1.1768111645451733,0.3114061832069443
869.0,12.980273309294894,0.0,0.09173790221896164,0.8960866682909199,0.22937710287144097,0.16081081125662278,0.5180741836529746,69.04665592979323,2.359640868877248,0.15956791084834704,2.9823726551928896e-05,0.8404320891516529,7.78069776981716,1.5903900570848,0.291106598372888,0.0039940639057427,0.0932037010962888,0.6156897005308232,11.912926244648387,1.4224780431753938,0.6650556351173866,1.7483939373865565,0.8767669852336741,0.9972905863055114,1.1572524650718046,0.3478673737897232
870.0,12.980315474428016,0.0,0.09402387282786798,0.9074563734426864,0.22931356449562834,0.1542682373974436,0.5223943252790602,69.31545017689845,2.358769652255018,0.1566339293093016,3.158874916885623e-05,0.8433660706906984,7.735646963054183,1.556111982809489,0.3059575275632702,0.0035621711868440795,0.09317495662629971,0.6008675158104301,11.949710577301165,1.4420188414300068,0.6662532960965647,1.8280655493385098,0.9155579953212012,0.9977674333299787,1.159671097545904,0.35148948355443294
871.0,12.980339821698967,0.0,0.0946238439381959,0.9156382465621307,0.22955022117117033,0.1559284840396288,0.519897450851005,69.121997016684,2.359217552885264,0.15296584077411957,3.0332045795485934e-05,0.8470341592258804,7.732049951198228,1.5598582925279931,0.2950570597437801,0.003834153327146674,0.09319702671712686,0.6117459135390931,11.93374853700456,1.4351450673132153,0.6661108095116494,1.7500979138560813,0.8901452140911685,0.9973583058693503,1.1590023534822949,0.348615036356863
872.0,12.98034926994511,0.0,0.0928968276256904,0.9201453714390302,0.22943626830675007,0.16139619457167992,0.5162707094958796,69.04278899972527,2.3559384233918816,0.1545133362563446,2.981362083804137e-05,0.8454866637436553,7.734758591706747,1.5387626962844472,0.2911446945904465,0.004502112032611744,0.09321197893961591,0.6156433264699376,11.932669926932208,1.4376163910548292,0.6665282240883718,1.7991103124735897,0.8921250753246666,0.9970768163494828,1.161600003390431,0.329843057079417
873.0,12.980366244903276,0.0,0.0899579060539183,0.9231381591936919,0.22974152150570276,0.15641345852834082,0.5238871139120381,68.94577107898185,2.3556547398308467,0.15163354277434468,3.1025023741359155e-05,0.8483664572256554,7.722975463377476,1.5100075776146837,0.2819661776442959,0.005577272170263981,0.0931879642529971,0.6248458581027071,11.956790908108434,1.455667407148181,0.6654125846260432,1.7330168906584946,0.8825587824475478,0.9971542565235436,1.1619234152653313,0.3560180668443987
874.0,12.980395489479038,0.0,0.08751887513313111,0.9035852442790392,0.22976657559687064,0.1592405157494931,0.5234740335205053,68.87227893602149,2.357369407962407,0.15429090734338485,3.136393101027936e-05,0.8457090926566152,7.68640851679235,1.5218731794835358,0.28553641135833496,0.00476904178906362,0.09319803503849725,0.6212655536031678,11.96002855844296,1.4445588667530804,0.6653997370156615,1.6737943688860306,0.8741113606940777,0.9968696129758048,1.163988461252623,0.3523881979962282
875.0,12.980396099153314,0.0,0.0907956853153671,0.9325827782281413,0.23024943854578855,0.1556635046646602,0.5232913714741841,68.97946546518418,2.3548325802067094,0.1510218731136599,3.062527623265361e-05,0.8489781268863401,7.697093413167183,1.565892125866271,0.29366969252571024,0.003293441248238394,0.09319796254127964,0.6131323449330102,11.938651150119796,1.4354433761551944,0.66544778296768,1.6658755286499143,0.910390857252015,0.9975308625467164,1.1629062937919934,0.35199421548034887
876.0,12.980401135151165,0.0,0.09338877790197096,0.879249464094346,0.22683441956077444,0.1713591192225852,0.5084176833146694,68.77501628765565,2.343980276925095,0.19441150858516262,1.976076514048713e-05,0.8055884914148375,8.027782363471877,1.7042896585943172,0.3247200671671247,0.002835479498993547,0.09318945905896991,0.5820904737739054,11.787036294895449,1.360833279403329,0.6690302867759723,1.6583971825635453,0.8649068193956142,0.9980694627350357,1.151215728917724,0.3475641886975427
877.0,12.98040433986824,0.0,0.09383872426705754,0.9077759260868398,0.22924161063002677,0.15904565540245438,0.5178740097004613,68.9030577111898,2.352843777314472,0.16743178709556344,2.6230007918359136e-05,0.8325682129044365,7.815996729931598,1.6077401254063148,0.310543503202646,0.0036006068319677305,0.09319473814564477,0.5962617586517092,11.88277796712802,1.4148542392392973,0.6674491438669677,1.7216641061788907,0.8900125765039664,0.9980499978428776,1.157621546829126,0.36461930149852056
878.0,12.980420687823047,0.0,0.08988582953022743,0.9057184243653216,0.2292168966190084,0.15891105068787226,0.521986223162892,68.73097468802587,2.347700303856792,0.16307329252969618,2.7040550795731092e-05,0.8369267074703038,7.818304913342485,1.5892006077252312,0.29424691088755756,0.0029737529816384937,0.09318205093422469,0.6125710381782178,11.884576942547126,1.42580937098193,0.666149530417687,1.698473471577309,0.8821441786399077,0.9982334879871657,1.1534850878002478,0.37088431992394877
879.0,12.980477000416226,0.0,0.09068801123949524,0.9199989587359424,0.22916523292198132,0.15399471834230513,0.5261520374962184,68.76605317549468,2.3424054759107866,0.15277163902146035,3.1580850722768746e-05,0.8472283609785396,7.634804516658592,1.5532583121170216,0.30077860556978586,0.003828315320824186,0.09318978768162922,0.6060316067485849,11.987656316151746,1.4416230668114178,0.6668188998827309,1.7060425234891636,0.9143079673898591,0.9975261242626914,1.1621402209938443,0.35915079864933225
880.0,12.98048650279112,0.0,0.08743328484316046,0.8974649369900412,0.229403975633201,0.14389004040851044,0.5392726991151281,68.72829195865515,2.343241264621371,0.1579573297156743,2.7536579485697995e-05,0.8420426702843258,7.827524481940808,1.5779453191597073,0.2654991022920396,0.003541076631695096,0.09313006253860082,0.6413708351693597,11.87880816606992,1.444460739006827,0.6656682912699531,1.6110512789760163,0.8605354397038576,0.9994426609102738,1.147396182616862,0.4285617483045635
881.0,12.980499957061943,0.0,0.09171082885520591,0.9029077394804024,0.22918204864787378,0.1619975712047986,0.5171095512921217,68.96464841986564,2.351529757029738,0.15774444035720275,2.621638562635987e-05,0.8422555596427973,7.8350352302611554,1.599564230955131,0.30034701953652454,0.0032111048287835633,0.09320409859401353,0.606448881869462,11.903593309050155,1.4216074220712143,0.6664535988480094,1.7307565272511443,0.8847363459377052,0.998063650312125,1.1567691872364008,0.342242559268335
882.0,12.980503621388102,0.0,0.09330545291138315,0.9162915759017998,0.22869715367680335,0.16358123906019045,0.514416154351623,68.97633885568113,2.3571456997587044,0.15770326237637672,2.8290506916924945e-05,0.8422967376236232,7.787365501969326,1.5663605262483906,0.30654938632455514,0.003967225705865407,0.0932070793319343,0.6002435343435105,11.904965928203742,1.4216956151323343,0.6664565820691739,1.7297314650451105,0.8796162456132441,0.9970221317031394,1.1619894465615237,0.3445640637671664
883.0,12.98050685050006,0.0,0.08629483149752135,0.900700105216345,0.22953731353438245,0.15322994072206364,0.5309379142460325,68.69963390470394,2.346124628101532,0.16281282109492873,2.942273985396673e-05,0.8371871789050713,7.779018212646843,1.535111322763506,0.2675376763819251,0.004432840044064879,0.09315378679129518,0.6393085368267797,11.951729778124282,1.4537962081009845,0.6646936552370228,1.6917641976941662,0.8718978305953642,0.9977101103197422,1.155617589381361,0.37155256892684163
884.0,12.98051124714217,0.0,0.09133561752008344,0.916364133755675,0.22921029908884358,0.16694862803727542,0.5125054553537977,68.94596368979856,2.3551211122062456,0.1543077463741914,3.066068242315426e-05,0.8456922536258087,7.794957187687599,1.5595860605779184,0.29748494759896066,0.00363196585303189,0.09321215015129096,0.6093029022497484,11.919195446520924,1.4308258734770578,0.6661257789236272,1.8102717572837825,0.8941142395673709,0.9965056105237404,1.160962051380397,0.33170438484728604
885.0,12.980536590839709,0.0,0.09499286285556678,0.9231279469229497,0.22920354900956025,0.1623627266013381,0.5134408615335349,69.07030982883964,2.358860772167492,0.15851211492700035,2.9013607441394715e-05,0.8414878850729997,7.7544364017156315,1.5496346288829619,0.3062698988879376,0.004299402814603935,0.09322468316682181,0.6005054179452406,11.906590348730807,1.4295075771772416,0.6676047366545195,1.800226288707962,0.8847056038466649,0.9968014534881696,1.1605475905356393,0.33102591760442196
886.0,12.9805579476497,0.0,0.09294027596163454,0.9280996867263142,0.22992012690418373,0.1547285301293786,0.5224110670048032,69.03915017532222,2.362151776940387,0.14575758834927616,3.118090095341415e-05,0.8542424116507239,7.686730020085299,1.5434893063864825,0.2826497722797616,0.0041932356324148705,0.0932146066529439,0.6241356210672945,11.956957849773723,1.441283104896005,0.6650927630785345,1.6851922022190573,0.8781805833141065,0.9968641010459995,1.1630283953606533,0.3525658004114493
887.0,12.980559993904887,0.0,0.0906529882260346,0.9124621051350315,0.2293090144048341,0.16346502171326324,0.516572975655868,69.11152943253317,2.358225414156873,0.14988887115863364,3.086103831219322e-05,0.8501111288413663,7.7044422368149394,1.548274121173509,0.2977220575501872,0.0038963382973531526,0.09320830017131246,0.6090696422785004,11.965785205859794,1.4328146931843244,0.6652865657641307,1.7719222591230117,0.8786219015905044,0.9964726387314122,1.1623101597099752,0.3267215679194462
888.0,12.980583798760899,0.0,0.09287921340525329,0.9261714236120133,0.22983288465876425,0.15429606078140384,0.5229918411545785,68.97240484758511,2.3552021026192786,0.14642549963687476,3.2069575776448025e-05,0.8535745003631252,7.65415185981969,1.535669984504079,0.290344910751471,0.003553206902385211,0.09319627848126415,0.6164588107672648,12.000025870470829,1.4489738974079511,0.6656261488766482,1.7301251185840636,0.9121636195665757,0.997130560080871,1.1611959716713058,0.350311119669225
889.0,12.98058605198499,0.0,0.09077622970257818,0.9060645018942857,0.22998667112804483,0.15603808056007915,0.5231990186092979,68.96509593333309,2.358886327943562,0.15753879702296575,2.855394685573938e-05,0.8424612029770343,7.785433740661974,1.550886638520162,0.29869839728182135,0.0035696613067460275,0.09318805418440343,0.6081135485337752,11.95470573268332,1.447628822731743,0.6648971326518887,1.7298650788590435,0.9121476839808983,0.9974832327700497,1.1570540792476787,0.35038434972165067
890.0,12.980593109055665,0.0,0.09167877382746455,0.9038399947693175,0.22964457785362813,0.1586064951987462,0.5200701531201612,68.98427848909706,2.3544579327052593,0.16539753988358008,2.861189702985599e-05,0.8346024601164199,7.77797371885827,1.5219422731172199,0.29469958713062044,0.004929307538704075,0.09317576073885402,0.6121246521305256,11.939512713408174,1.4483708858457591,0.6652520803323521,1.7651144885867487,0.9080858506715523,0.9975386583765447,1.1607209874529345,0.3417254381323742
891.0,12.980640858405499,0.0,0.09536841501611662,0.9157088844345748,0.22956700477787495,0.15525242026404182,0.5198121599419666,69.15310549071651,2.360693456839838,0.15166112506166868,3.033619630072413e-05,0.8483388749383313,7.731556100205987,1.5571934185859533,0.2920561628391832,0.0037562409773641238,0.09319927870083698,0.6147445584599798,11.936632882129482,1.4356362968723932,0.6659617172771284,1.7604972819406313,0.8849023456513379,0.9972813263389071,1.1586693435380009,0.34553938119895644
892.0,12.980649384659618,0.0,0.09153306519239483,0.8953040943847845,0.22954603600527568,0.15572172908468151,0.523199169717648,68.93262007243177,2.352445205335594,0.15949231115503698,2.924767888910997e-05,0.840507688844963,7.8357195082434625,1.5462998011314633,0.26949975663434894,0.0031723175911574295,0.09318231183275716,0.637317931532894,11.940846496061372,1.4512329750533508,0.663987508925099,1.7966008027808789,0.8843091246667263,0.9982589452309527,1.1530529762735493,0.33517133996698273
893.0,12.980651642465535,0.0,0.09135475904785262,0.923317112172855,0.22957634774841373,0.16216402223786425,0.5169048709658693,68.92098564636981,2.3540037321837923,0.1538272627197365,2.9828475926750998e-05,0.8461727372802634,7.749133935786006,1.5519645498677659,0.290480226915792,0.004413591255339277,0.09319621643758733,0.6163235566466208,11.92264274980632,1.4399654326437323,0.6659296283559027,1.7002931942814827,0.8896721713858411,0.9969730861047833,1.1604545545296971,0.36872881844055855
894.0,12.98065785025266,0.0,0.09560918722281983,0.9673245982902992,0.22931491398845855,0.15226708790952684,0.5228088108791948,69.41499058009211,2.36778992322124,0.12022551279046276,3.38691566136923e-05,0.8797744872095372,7.516468892769965,1.4707069574568483,0.2911610627961675,0.0027166311838115543,0.09318178612397043,0.6156571510798621,11.942010082626837,1.4281093424098523,0.6663777147902289,1.7741816961327812,0.8838526083987636,0.9979635210452027,1.1551809185802269,0.2799280359042945
895.0,12.980665429603864,0.0,0.09148763169936443,0.8947068969288947,0.22969953539074847,0.1578395837614897,0.5209732491483975,69.12122344198298,2.3605065644063883,0.15441323183160555,3.0009851110201404e-05,0.8455867681683944,7.761448457779377,1.5996881686799553,0.2817179680778891,0.003756436400606121,0.09320490658999195,0.6250771253321189,11.936330792492335,1.425756038729816,0.6638132380423705,1.712771059221262,0.8704425359457629,0.9973379546108252,1.160122255807239,0.3556286910283275
896.0,12.9806976440804,0.0,0.09266449017055567,0.8868626618230866,0.22852912402633305,0.16361450953479081,0.5151918762683205,68.76562734131029,2.3490678734829693,0.18227387371860226,2.3250103445110238e-05,0.8177261262813977,7.9855523012139855,1.6438729437370942,0.3064009235999667,0.002818702599490063,0.09318276675864978,0.6004163096413836,11.81914810016335,1.4007384569065249,0.6664979738225563,1.7209800112973719,0.8734064386568818,0.9982539131312682,1.150531122749027,0.3620197249671185
897.0,12.980722576120248,0.0,0.0923279049193625,0.9069829381341752,0.22921076393264278,0.15725596027550426,0.5212053708724904,69.05233900853324,2.3583115813479245,0.15112056095712909,3.1317004200375337e-05,0.8488794390428709,7.7256171108095035,1.553329811947602,0.2893022044336421,0.003301091894757154,0.09320147878763001,0.6174963167787278,11.98404529899788,1.439859975117949,0.6657546107602496,1.755542838060036,0.8775210334220883,0.9969475539180626,1.1587422260683524,0.3470689636578441
898.0,12.980729324417036,0.0,0.09525592848015499,0.8877411064888665,0.22948652641713393,0.15179745671105896,0.5234600883916521,69.26561112496441,2.3623456791441564,0.15561840583716965,3.1876029330729046e-05,0.8443815941628303,7.709758109547929,1.5809317144257535,0.30229492242727507,0.002296977800900284,0.09320463534902386,0.604500442223701,12.02303770461023,1.4408820471733947,0.665341196168784,1.750763424735951,0.8916027798616118,0.9969948127719956,1.1529077440903315,0.3418668243674491
899.0,12.980736776465454,0.0,0.09315647675152701,0.8720009116507302,0.22991843570073706,0.1485479636040316,0.5283771239437043,69.11854944954612,2.355725510868341,0.15331613885830372,3.177058992604984e-05,0.8466838611416962,7.808305533448382,1.5057315284261668,0.24127224596196958,0.002150213764980448,0.09315836588107755,0.6655693881569529,12.01638022739238,1.4797528637082045,0.6615170647672786,1.8463374089222986,0.8978451457034536,0.9989043877117988,1.1482560876256747,0.3156772952600121
900.0,12.980760702447796,0.0,0.08985796093332261,0.9091898212113573,0.22899704495758894,0.15979717040007882,0.5213478237090097,68.61571522854216,2.346399342482788,0.16404834396265824,2.701648405757116e-05,0.8359516560373418,7.824517242467693,1.5682361827109903,0.2848183904214586,0.003659977568950197,0.09317057016452943,0.6220110394140119,11.912060528528173,1.4307205728074546,0.6657757417691038,1.716157977027188,0.8693979858568313,0.9981613346942035,1.1561242591152157,0.37165213569186845
901.0,12.980763623803773,0.0,0.08741403243326808,0.9328194491187191,0.22965387766779347,0.15840178463242763,0.5245303052665108,68.81250037489247,2.3500958762852964,0.14417744453632417,3.196185896382555e-05,0.8558225554636758,7.685703431112724,1.5312993974145623,0.28414892250010426,0.005278191282087536,0.09320553258191219,0.6226455449179835,11.935073099351612,1.446156953558749,0.6648394144409112,1.6959216974232847,0.8757627698375074,0.9969890855788721,1.1622547454999934,0.35940643744634565
902.0,12.980771263812587,0.0,0.09113883794657145,0.8922601999559431,0.22955237102654108,0.15878356123283932,0.5205252297940482,69.01796288583205,2.355863733840195,0.15842777176999312,2.844532852640259e-05,0.8415722282300069,7.802676913852162,1.6120053251998403,0.2871844553707569,0.003330989986891633,0.09319192845630517,0.6196236161729379,11.918166584059422,1.4207596220817376,0.6644593103856313,1.707446463600812,0.8736098960844181,0.9976240265158859,1.157129551768862,0.35677471889967266
903.0,12.980776335579273,0.0,0.09502394405312328,0.9032005781126425,0.22877946111989464,0.15970891600471154,0.5164876788222706,69.2064028010457,2.3591429247646696,0.15156918433993774,3.0289308912549597e-05,0.8484308156600623,7.762566058513622,1.5795156592828319,0.3001946275969734,0.0025466485056626856,0.09321311537741116,0.6065922570256155,11.96014546043719,1.423993242483935,0.6662198891617817,1.8013027415843714,0.8783312301985514,0.9966102798915485,1.1577885851895742,0.3229782645427508
904.0,12.980779753545502,0.0,0.09105234410104748,0.9244090417211908,0.2296772269755504,0.15531966916518647,0.5239507597582157,68.9902967474518,2.3594754060857066,0.1465588774606274,3.314230560482745e-05,0.8534411225393727,7.666161524485313,1.5087528429965118,0.277125310736889,0.004800613892438898,0.09320360076811544,0.6296710884949955,11.975488162632487,1.4544010740299214,0.6652712575492383,1.698476240504717,0.877479126242728,0.9968195794236578,1.1636587282174577,0.35558714637342964
905.0,12.980787761525038,0.0,0.0912273327547836,0.9177148069462309,0.22923066196274497,0.1563500632739687,0.5231919420085027,68.80173479750114,2.3496383370136664,0.15722903434414479,2.8591131794292606e-05,0.8427709656558552,7.763539318145302,1.5714735069414045,0.2923855723924736,0.0035973668612416286,0.09318992925142026,0.6144244983561062,11.93721402827062,1.4336329136333525,0.6654746932412755,1.7330403496633484,0.8958319718936223,0.997828126258212,1.1574384831707765,0.3653809178812626
906.0,12.980792317309533,0.0,0.09200870827842499,0.8883278764387398,0.22948656401807951,0.15437191801851374,0.5241328096849819,68.99534311186798,2.3520637223125993,0.1585707340597363,2.947716835839299e-05,0.8414292659402638,7.865403647618916,1.5406087306598277,0.2596322754407429,0.0029480077061657603,0.09317657277243052,0.6471911517868265,11.951210473297662,1.4579132591370085,0.6632138942920489,1.823842982986403,0.8817632292935829,0.9984177066687403,1.1514403686464176,0.3250054436282382
907.0,12.98079738133221,0.0,0.09201139611347244,0.9151203158504033,0.22932695826942706,0.1614324477480921,0.5172291978690085,68.87135101171249,2.351803119262355,0.15789254360133734,2.8399440097168283e-05,0.8421074563986627,7.796171535914279,1.5689849021059332,0.2917291095518198,0.0033323028923051253,0.0932048917544496,0.6150659986937306,11.912540236998657,1.4312053053427856,0.6660452906362464,1.7776975556633188,0.8863233959627194,0.9975900400804918,1.1584998413834438,0.34266699661298783
908.0,12.980838904707575,0.0,0.09609535154619717,0.9111800203291183,0.2292174839389426,0.1541248583749347,0.5205623061399256,69.36382214695303,2.365191184031386,0.15280018279016624,3.166513053707148e-05,0.8471998172098337,7.719880838101989,1.5574334202618978,0.3090864097264067,0.003106772879731417,0.09319194432697113,0.5977216459466221,11.954575090923573,1.4364388902892649,0.6677075120653095,1.7834014850482958,0.9116078365688185,0.997459942050194,1.160936071354001,0.34858362661121045
909.0,12.980846566516844,0.0,0.09002677183034599,0.9072823775899213,0.22933659199423176,0.1584531748012788,0.5221834613741435,68.77222429557709,2.348912242874682,0.1605645882005637,2.6974885254403273e-05,0.8394354117994363,7.810983906773459,1.5886303668063328,0.2974485290864939,0.0029075258212232207,0.09318107822951842,0.6093703926839876,11.871532092518883,1.425087009562306,0.6662085671786947,1.6818561184757435,0.8856586182582009,0.9983069403753027,1.1530688839588905,0.3726362596784061
910.0,12.980854486895016,0.0,0.08755980566726886,0.9278060742392935,0.23009642476319334,0.15406427871632972,0.5282794908532081,68.97571787344175,2.3598346990912997,0.13528315217319364,3.52993044022e-05,0.8647168478268065,7.539604853268166,1.4763784896743752,0.27167163457669985,0.005629709471726911,0.09320695976483417,0.635121405658466,12.046073412092312,1.4716636581086049,0.6639381381632634,1.6231543247299762,0.8776334462972601,0.9962686193049112,1.1690690170872333,0.378133693748017
911.0,12.98085645719926,0.0,0.09053685891070631,0.9097055551381197,0.22962092185954702,0.15690097623294033,0.5229412429968063,68.92642290637413,2.3538385598867024,0.15893799599016664,2.9822889135751906e-05,0.8410620040098333,7.767935889072315,1.5640096529818426,0.291792208876733,0.003626863279679679,0.09318794949850051,0.6150198416247665,11.926395963120417,1.4374828964845467,0.6657760689950272,1.729422230994596,0.8933786571665724,0.9979366609448058,1.1581441753178365,0.3594599296917992
912.0,12.980858429377559,0.0,0.09002900448029946,0.9124642158213112,0.229410521234991,0.15570793452852938,0.5248525397561802,68.90709992615436,2.3484759714488717,0.1473917928000806,2.9611522650946005e-05,0.8526082071999195,7.760339822566795,1.570756750192491,0.29778299665470337,0.002780272994327186,0.0931784326725904,0.6090385706727062,11.895681429419605,1.4345630634985795,0.6660933736863759,1.7409077664813357,0.8967800931452373,0.9979556472405715,1.153155750354416,0.369309696166354
913.0,12.980863533029744,0.0,0.08908281654862199,0.9061098837429462,0.2285722072880689,0.16309285709339838,0.5192521190699109,68.7460405308149,2.3438661884328305,0.17122953587829967,2.7783687973754017e-05,0.8287704641217004,7.815924914891382,1.5719558768791135,0.303605966308305,0.004774155037907403,0.09316836332148298,0.6032256703702121,11.904177380177059,1.422739808420637,0.6660021651118737,1.7333672863921563,0.8824295618937102,0.9978775212029557,1.1576705425158789,0.3554335719298242
914.0,12.980865912111348,0.0,0.09388168314522696,0.9203294584439532,0.22947019604389945,0.15483179250859988,0.5218163283022738,69.07332043559346,2.3541953094048322,0.16137877195325262,3.002631007658644e-05,0.8386212280467474,7.719825180102917,1.5568379429262285,0.31067020560781416,0.004359654596574907,0.09320109262979194,0.5961287017623939,11.956821309815021,1.4421812250621386,0.6674070155307459,1.7747418238672334,0.8960461795203194,0.9972553847657906,1.158585755037456,0.35115283271051934
915.0,12.980872912586523,0.0,0.09105153844623372,0.9082813600416184,0.22951888230265033,0.15838968770253997,0.521039891548576,68.91447065954655,2.3479328026019517,0.16040089353100373,2.841984228133984e-05,0.8395991064689963,7.806057396991377,1.5789070241855325,0.28945949679722355,0.0030423230071182856,0.09317756527464931,0.6173629379281272,11.895868907792213,1.4332598810272466,0.6662044631961751,1.753599430999816,0.8914576260449618,0.9980610060543929,1.1541929335178274,0.3525877801338254
916.0,12.980879660814274,0.0,0.09295675993442765,0.9156208157179275,0.22926479924027449,0.16101132095216988,0.5167671198731281,69.0377997029105,2.3543225951124636,0.15501941013898476,2.944155549514644e-05,0.8449805898610152,7.748120211619435,1.5775901545668858,0.3118190583271221,0.0036679258805450824,0.09319943741350996,0.5949815042593679,11.885766315303407,1.4202329419166382,0.6667513817996343,1.7453208865113516,0.9063269180607925,0.9974627639729146,1.1627808071231376,0.34221979244757417
917.0,12.980891213972132,0.0,0.09301015296974541,0.9004121369218744,0.22885513948384584,0.16300970598296383,0.515125001563445,68.68349792346476,2.348823850055677,0.16924295673422265,2.52252483999517e-05,0.8307570432657774,7.885818558571998,1.6157279543358094,0.3005078939247879,0.0029776468327748443,0.09320275026637415,0.6062893558088379,11.870350467639865,1.41381813078042,0.6663599846120758,1.6967255024283743,0.8741076493385875,0.9977744749222273,1.1530076186885378,0.3585336204039427
918.0,12.98089625012302,0.0,0.09147574147658585,0.9114990956050957,0.22887796456295328,0.16097869654931457,0.5186675974111462,68.70798409299638,2.350488187225323,0.16533527377029078,2.7345958843548203e-05,0.8346647262297092,7.865595357496975,1.5910955216249283,0.2974583742672729,0.002741258773190589,0.09319336361783617,0.6093482621148909,11.870550277717864,1.4125659868711926,0.6663698776243878,1.7257856140431862,0.863858904426225,0.9973106685326927,1.1595591804350918,0.3481034679026661
919.0,12.98090112844545,0.0,0.09295432932761272,0.8637968528170302,0.2269731841719323,0.16906522138455532,0.5110072651158997,68.47947181539978,2.3299252237039405,0.20178507641071786,1.5637018824623534e-05,0.7982149235892821,8.210192546780807,1.7410570744914815,0.3239229331623671,0.0016516603601116867,0.0931521979641358,0.5829248688734971,11.718128788814658,1.3594440738487927,0.6678084935082653,1.6919186216281838,0.8523122985205354,0.9991153567837827,1.1446214578738483,0.3645179804380364
920.0,12.980901266585759,0.0,0.08890473843493728,0.9256236849864823,0.22966290419873422,0.15873366619339546,0.522698691172933,68.86912031050232,2.3519494541384027,0.148708087770289,3.0992413456765357e-05,0.851291912229711,7.710825065631171,1.5338948344860048,0.28731965369511314,0.004958029337034252,0.09320365101247602,0.6194766952924108,11.932307289248984,1.4449694825642103,0.6651735672577949,1.7261936064386791,0.8844058391523291,0.9971302320564746,1.1609585286045438,0.35234750813296
921.0,12.980910860426443,0.0,0.09146244260745787,0.9157850182686733,0.22977589197725098,0.1555806566196115,0.5231810087956797,68.94015465664614,2.3551679088509268,0.15430684443327625,3.2044374686085306e-05,0.8456931555667238,7.742793136167771,1.5518732798291628,0.28447998983510997,0.004076059838161275,0.09318608270300002,0.62233392746189,11.931690866699897,1.4443145753781568,0.6657121404508889,1.6741186425429802,0.8885071643908407,0.9978935632915122,1.1583020820378873,0.36788069333783935
922.0,12.980914151740235,0.0,0.09041930977915508,0.9102583577801076,0.2293975048428998,0.1590584985269941,0.5211246868509509,68.83204223077315,2.351888045409618,0.15897693302971908,2.874962765511595e-05,0.841023066970281,7.808245435772508,1.5636076781582082,0.2930561310878653,0.003514023138531863,0.09319061140569804,0.6137532575064366,11.907768677846787,1.436566035360717,0.665355628677203,1.7393668220447522,0.8839968738495716,0.9976893126519817,1.1584705512047888,0.3604700166163259
923.0,12.980934640194633,0.0,0.09083650098632388,0.9016059443472978,0.2301035974076345,0.15566562529162375,0.5233942763144178,69.00365503560062,2.354616126976638,0.16246539651665978,2.9656356025229743e-05,0.8375346034833402,7.800371830217381,1.5470374494394312,0.3105527142319522,0.00326789069962604,0.0931798754699081,0.5962674102981398,11.950959446254702,1.4553478612453443,0.6643769484223896,1.7814924999998074,0.9165213901925169,0.9978252801478847,1.1593732596420465,0.35406504014377854
924.0,12.980941409623277,0.0,0.09000956896740206,0.909570937606409,0.22941630717239378,0.15885210656503046,0.5217220172951736,68.85991456002066,2.351671005155746,0.16128112246805962,2.9627796537145683e-05,0.8387188775319404,7.761670961802398,1.5617374606566696,0.2929789649086648,0.0038500359059323655,0.09318680134016016,0.6138342337511751,11.924692192452964,1.4358592771064043,0.6657724135069695,1.717115604437542,0.8870478813943782,0.9976829992971451,1.1584054025951804,0.3584688494289232
925.0,12.980961749934178,0.0,0.08716271931913405,0.9052405233388241,0.2293431270323558,0.15678883466748117,0.526705318981029,68.6800913465247,2.346440498240153,0.16251579292075125,2.913995130919275e-05,0.8374842070792488,7.776437171277513,1.553483547229201,0.2818982197346089,0.004099139650700552,0.09316604843234395,0.6249357318330472,11.934846606962818,1.4445510059801707,0.6653644445075094,1.6812100769253746,0.8750115719548481,0.9981783937877725,1.1574275218218495,0.3886419260286141
926.0,12.980964503360966,0.0,0.09301600987593021,0.9114742515262193,0.22916873703881635,0.15415766434710437,0.523657588738149,69.01458621001171,2.353090520462169,0.1566166591446213,3.020608160394871e-05,0.8433833408553787,7.6852976087563825,1.5741793397582917,0.3035303002204042,0.004165471812217284,0.09319510722478744,0.6032745925548083,11.963075940987418,1.432065798136385,0.666885853187178,1.7430151161823635,0.9033015911534219,0.9976898593895313,1.1605809766628319,0.36090828148563814
927.0,12.98096593796272,0.0,0.09281190143000438,0.912849254983393,0.22944396613553714,0.15665933089914974,0.5210848015353087,69.06914793004414,2.355605478053214,0.15595467058766738,3.038363781646115e-05,0.8440453294123327,7.736962954439793,1.5688673877333381,0.3014887554651453,0.0038696717007304774,0.09318936076138737,0.6053218837734673,11.926986268201613,1.43240608690345,0.6664122174901781,1.7440843779370327,0.8998498383068614,0.9976572254066982,1.1592691596421376,0.35219901580223173
928.0,12.980968170959809,0.0,0.09601379559542512,0.8853033947705724,0.22789875259612008,0.16817681609854132,0.5079106357099136,68.82480805146562,2.352886411060982,0.19052271713859587,2.150352735211668e-05,0.8094772828614042,8.018030437050687,1.7043909731977203,0.3269555212636438,0.0032666112712854732,0.09319993263091338,0.5798445461054429,11.744513857790333,1.3663720266933692,0.6682435969276584,1.543245644411115,0.8727635812157994,0.9983518260515813,1.1456187442449808,0.358655586970259
929.0,12.980981233037731,0.0,0.09187730990273622,0.919481842637449,0.22941773446654587,0.16086543361013364,0.5178395220205844,68.8720971197784,2.3575553200603725,0.16006935730374477,2.9351510971299402e-05,0.8399306426962553,7.735546692684119,1.5669814576067087,0.291534143649158,0.004683114515710161,0.09321685395782973,0.6152490023930123,11.900476487289554,1.4269195717297998,0.6671171919348383,1.6370706885106092,0.8773167323904585,0.9975455863030448,1.1565696099111435,0.36370794673868134
930.0,12.980985417936415,0.0,0.09351717192567151,0.8726397939264607,0.22781202288218527,0.16614209422097254,0.5125287109711707,68.46300210909087,2.3373074046040685,0.19782910019150884,1.799129458248508e-05,0.8021708998084911,8.11561245877956,1.7213559444411615,0.3185592754086787,0.001875183464639215,0.09318251694706965,0.5882582076442516,11.74944579535483,1.3748395428616016,0.6676119412270596,1.6700342920788782,0.8647095163424059,0.9991933632755752,1.142337507347726,0.3771329318643962
931.0,12.980986139605987,0.0,0.09890507533773132,0.8926790218891272,0.22927440359968956,0.15100275311168854,0.5208177679508905,69.49131181559648,2.350848931826191,0.1610200289607235,3.162374556058082e-05,0.8389799710392765,7.625692628989199,1.5672942611053653,0.2858839043601057,0.0029601352473585044,0.09315449288367998,0.6209616027562143,11.882855166785358,1.420860134243909,0.6694701382618249,1.7652257366483852,0.9484596846506164,0.9982020898648141,1.1537739285936475,0.33891706265342825
932.0,12.980989666958513,0.0,0.08955696416328411,0.9020692001745894,0.22893760741015384,0.1599794277565903,0.5215260006699717,68.63472560373967,2.3448724461483827,0.16892693596433858,2.7193770392162673e-05,0.8310730640356614,7.835387262003545,1.5905311698693279,0.2867764684233727,0.0031282830226074653,0.09318432057853926,0.620039210998088,11.915014925946357,1.4274948809610524,0.6660117779753356,1.7372472954809624,0.8739438195305571,0.9980620990815132,1.1544562300967485,0.36679646049688164
933.0,12.98099247677542,0.0,0.09110008754491919,0.9150828592201425,0.22938252705364306,0.15693912741346372,0.5225782579879741,68.88780222291109,2.3547404841517015,0.1595172070176778,2.8489113692240482e-05,0.8404827929823222,7.764953130635895,1.573413023702695,0.30243207905795255,0.004339355416872527,0.09318783936632653,0.6043800815757209,11.915221521004513,1.4297198077950146,0.6668260893737655,1.6803523742078967,0.8892431025857637,0.9976291694864233,1.1579730898855727,0.36777722687045267
934.0,12.980995930314679,0.0,0.09249999288821828,0.8867768129309623,0.2276487182014111,0.16733092125089613,0.5125203676594745,68.76009714710698,2.346890872810884,0.18527247744037786,2.2266723741898843e-05,0.8147275225596221,7.9626985100554,1.6609978363554663,0.3127624269284246,0.0030524306264069255,0.09318652314035636,0.594051049931219,11.825772015868269,1.38384988584384,0.667874715256972,1.6726516594082739,0.8671722342174035,0.9980206785910668,1.1525114800184855,0.35377420635909795
935.0,12.98100704479544,0.0,0.09127868211609126,0.9250824951086811,0.22925877306767212,0.16057002910993068,0.5188925157063059,68.96291276144771,2.356841785653935,0.1509552857874178,3.1110825586796896e-05,0.8490447142125822,7.773454770320088,1.5444690195630382,0.2889665858190268,0.0036146305553170213,0.09321189963262315,0.6178215145483501,11.915323349374855,1.4391071827066706,0.6652524269722987,1.729800775363677,0.8801228012414801,0.9973245508626869,1.1606266463149142,0.3454575511744304
936.0,12.981008486270007,0.0,0.08923965136892097,0.8893654836503445,0.22835148941374747,0.16621371549290317,0.5161951437244284,68.70328019600373,2.3495884184571683,0.19052661897327172,2.17049243568988e-05,0.8094733810267283,7.960616445442737,1.6487610618780901,0.3091755654417223,0.002115201100332948,0.09317865159557262,0.5976457829627051,11.77332189077068,1.39683707244216,0.6661638117597344,1.6665363041252883,0.846129316507956,0.9990524102117477,1.1444414495887512,0.3895082457798276
937.0,12.981019382178536,0.0,0.0856997947977296,0.9097765374408949,0.2275056244256176,0.1700156734001351,0.5167789073765178,69.29623388582954,2.369187304846486,0.18618164732448858,2.6288792202054285e-05,0.8138183526755114,8.08373522052692,1.6488960155526518,0.2793804947194853,0.0018596802214863708,0.09317369567318956,0.6274458096073252,11.583320312268551,1.3558907940492744,0.6627844774237758,1.716696664601883,0.8542905112712944,0.9978915599533594,1.1479262952777898,0.37271707467060294
938.0,12.981024145564383,0.0,0.10045333199666687,0.8944195068434544,0.22887654520815726,0.14956460097316684,0.521105521822009,69.63240743047727,2.3698671665532505,0.16594183115293903,3.066181845046077e-05,0.834058168847061,7.794011011791736,1.5906955911408005,0.3283972143146993,0.001996777589013263,0.09317399399801907,0.5784287916872816,11.88993801034701,1.4239102050480024,0.6698573165333834,1.7869148376766404,0.9388976586665265,0.998659860577401,1.1553732565149022,0.36438644801317055
939.0,12.981027406620827,0.0,0.09052468263589164,0.8945833324703671,0.22877890072151996,0.16347319973386404,0.5172232169087244,68.77801340051737,2.3440916986327056,0.16392065345156298,3.162013476716558e-05,0.8360793465484371,7.883332011236302,1.5978981863790833,0.28982463551822824,0.004917323454941881,0.09318222608648344,0.6169931383952884,11.882118190274953,1.428106781364562,0.6659936524867399,1.7955688106114178,0.8686734857096512,0.9972444389217235,1.1535023758228715,0.3678853274951264
940.0,12.981035291702895,0.0,0.10036383599154519,0.8072232049352658,0.22315760118680733,0.19085688814927615,0.4856216746723713,68.5208445796376,2.3193057847044303,0.2635692071239211,0.0,0.7364307928760789,8.681806783822063,2.004548833523537,0.39865152659611824,0.0,0.09316830461103223,0.5081801687928497,11.43089101784383,1.2296723959426996,0.6734126459946017,1.5378388489127095,0.8303037619735004,1.0,1.1288351317090077,0.34017174027881464
941.0,12.981039823885444,0.0,0.09143487437248088,0.9137023512153711,0.2292784402685194,0.1548725209357602,0.5244141644232395,69.07947177995221,2.35385290060673,0.15511919297347393,3.097141212097358e-05,0.8448808070265261,7.682889816993047,1.568527785282691,0.30862831685501135,0.004438813131417919,0.09318452259743348,0.5981871605475552,11.940705005641048,1.430475535784508,0.6667927257986825,1.7283700554781114,0.9091455728333546,0.9976491867672224,1.1617781514075292,0.3574563408656598
942.0,12.98105111897683,0.0,0.09186661888345964,0.8901518268945207,0.2291932980938934,0.15380466969648535,0.5251354133261616,68.99874610442134,2.355271829819631,0.15990675232278123,2.7986531696864975e-05,0.8400932476772187,7.827632570042649,1.5732305946042402,0.30812997319888524,0.0031884162208232645,0.09316909779997576,0.598700929001139,11.952172141797305,1.4413279872618203,0.6661886599803359,1.7782187660140139,0.9176254059139671,0.9979080336926099,1.150772984528035,0.3516933691892491
943.0,12.981056225227068,0.0,0.0924710024809573,0.9368011261709986,0.22964214146231202,0.16445533567100248,0.5134315203857283,69.00462204111197,2.3564862432273213,0.14613261797493685,3.117593770357732e-05,0.8538673820250632,7.699858951354379,1.5320052330678537,0.2913574741627042,0.005064730726448748,0.09320395174881142,0.6154385740884843,11.919710326430724,1.44102320011707,0.6661721151893465,1.6972669949691936,0.8933937537327243,0.9962540480208941,1.1646225683879436,0.3672296982124187
944.0,12.981063466015673,0.0,0.09078470384844192,0.9252230406493738,0.22915976244417102,0.16671377970755272,0.5133417539998343,68.92773814110406,2.352861998914279,0.1549671698398567,3.128800487404603e-05,0.8450328301601433,7.767331810512065,1.5541507868262883,0.30516800794417215,0.004226841417001981,0.09321477130784366,0.6016172207479843,11.910739115860213,1.4319434808320535,0.6666640214508771,1.7915468138540276,0.9004904546625861,0.9965552846374974,1.162813255829155,0.3336619043000867
945.0,12.98108489179787,0.0,0.09171819994355163,0.9153053931979981,0.22921241909175397,0.15835522362613202,0.5207141573385623,68.87568400634736,2.3510385338274955,0.15519735874833535,3.0853055768316144e-05,0.8448026412516646,7.775646009056278,1.5756493901963238,0.29575519208676837,0.004357921432192076,0.09319767296085871,0.611047134952373,11.929263700430186,1.4330210914034927,0.6656006794605831,1.7561312764055839,0.8952643716233699,0.9973229524529279,1.1571952618557462,0.36118830095048865
946.0,12.981102114817848,0.0,0.0921416712260836,0.9213590068182214,0.22921827981835793,0.15893076213101348,0.519709286824545,68.9387936464799,2.3538293810307325,0.15225331014890736,3.0432289915301174e-05,0.8477466898510926,7.71071267458114,1.542733967281801,0.29536532573502117,0.004294620703571753,0.09320840743240995,0.611426266832569,11.954636894101693,1.4381537131705817,0.6659167490708103,1.7754065112920252,0.8968014887033673,0.9971170773760244,1.162534420672383,0.33681394718386737
947.0,12.981120506575682,0.0,0.09380578110801822,0.9174365655913561,0.2289242362843918,0.1604222474747909,0.5168477351327991,68.93808887856498,2.356820243684572,0.15570164950846804,2.8406459686619362e-05,0.844298350491532,7.757322342251106,1.5582997973336994,0.2966079373769264,0.003965500509429016,0.09321008338094978,0.6101819792421238,11.929416780605301,1.4295673102099573,0.6662108288230594,1.7528341249493662,0.8813571005128209,0.9971132905180232,1.1610583893161075,0.34912948995952453
948.0,12.981125682298012,0.0,0.09076950585233823,0.8944304810948278,0.2296201645037769,0.15628157394494255,0.5233287556989423,68.85170775128321,2.352030335341483,0.16307756764033804,2.815438587507775e-05,0.836922432359662,7.846990588818803,1.5555878255820301,0.27376500689249905,0.003230451525590544,0.09317981861848842,0.6330551744890125,11.923486645681118,1.447403332051675,0.6641760610437408,1.7606871757346552,0.8794406781841213,0.9982749669167126,1.1525000273625863,0.348872719883673
949.0,12.981131651573204,0.0,0.09131926538049007,0.9271400785812585,0.22919684432207046,0.15589288768032683,0.5235910026171127,68.90633039377303,2.351889502384091,0.15357291214387955,2.9755732139675992e-05,0.8464270878561204,7.727655762239824,1.568540286990361,0.298053628868653,0.003513612042876828,0.09319537838242091,0.6087509927489262,11.967023195096454,1.4331711781936798,0.6652287582879958,1.7399759699177566,0.9139219540047658,0.9975946627297223,1.1589544687433506,0.35611441844780073
950.0,12.981132055834369,0.0,0.08703528405676293,0.9116731193279094,0.2292298571098312,0.16613811806949547,0.5175967407639105,68.74919564071732,2.3483906734531392,0.15112302735321753,2.8024010838354765e-05,0.8488769726467824,7.823631086435121,1.576953337167277,0.28523104012169537,0.0036022679658090214,0.09319510784943408,0.6215738520288706,11.88220510119198,1.4224086643571507,0.6648463235535512,1.7405675914009076,0.8613632452961955,0.9969815245279678,1.163865267629217,0.3525050005893755
951.0,12.981174492088345,0.0,0.09190263958342783,0.9094578852223885,0.22927447154780478,0.1570365258714927,0.5217863629972747,68.91677629768253,2.3521171222716406,0.15614285283059048,2.992685018078334e-05,0.8438571471694095,7.7212635015955335,1.5614910829542485,0.2963335334137311,0.003992192153880224,0.0931960980952185,0.6104703684910504,11.96284775702403,1.4382056781776804,0.6654058156183015,1.758114395126205,0.8959812167868116,0.9974711346308194,1.1601443413289778,0.3518597272513188
952.0,12.981177545494216,0.0,0.09408089206676234,0.8921324247605742,0.2294279232701855,0.1520233338477854,0.5244678508152667,69.16312320226375,2.3586642866474694,0.1528858886032214,3.1763231141158406e-05,0.8471141113967786,7.691811800607487,1.5752687504331364,0.2957997087574067,0.0023308741500508647,0.09320250517798599,0.6109977860646074,12.026447356253069,1.4424722824290162,0.665239187476657,1.7230584703257719,0.8831820840072996,0.9970701477959847,1.1532933682541993,0.34679835804115355
953.0,12.981179310441709,0.0,0.0917872132886075,0.8741978207675387,0.22938512621048807,0.15901613456695532,0.5198115259339491,69.1410439659766,2.3636322055502896,0.15703702848432036,2.9632843216108262e-05,0.8429629715156797,7.800808413269104,1.608252057659041,0.274188355353842,0.004031204102004875,0.09320888243525198,0.6326027622109061,11.932482036951624,1.4243097767033372,0.6630398431836839,1.7427676821721014,0.846787920234203,0.9972858294943915,1.1571680786411287,0.3604591234549331
954.0,12.98118242773917,0.0,0.09115270843733478,0.9276040461343222,0.22889300434282456,0.17149290282079963,0.508461384399041,68.83400450905309,2.356278668775551,0.1540365375517602,2.711273695158896e-05,0.8459634624482398,7.802749932950249,1.575737954234014,0.3102010471486347,0.003557404881375262,0.09322839101494565,0.5965705618364197,11.859179464636288,1.404029763907864,0.6668815357428752,1.7605357853112107,0.8806167116253545,0.9962971021207744,1.1651118212018807,0.32060067074365817
955.0,12.981212666097248,0.0,0.08799099890295968,0.9234055451613475,0.23050380972528947,0.14983107673972085,0.53167411463203,68.84888203847638,2.3572966521630874,0.1433181406734731,3.301964358990134e-05,0.8566818593265269,7.657322165991109,1.5010822264036867,0.29682665528468233,0.005131687773397953,0.093200077950432,0.6099732667648856,12.04342768704144,1.4770189431118845,0.6631077100695799,1.6425279438692406,0.8862855200964592,0.9969882270756335,1.1692731748436176,0.3762833707353292
956.0,12.981214860624963,0.0,0.09415672414830586,0.9303583079381839,0.22961187645028558,0.15581739126943098,0.5204140081319776,68.86724196519903,2.3551962751658437,0.15166809261896122,2.9528026486290306e-05,0.8483319073810388,7.755360441426351,1.532711112623312,0.2807514703157341,0.005433746936826634,0.09319940608616493,0.626049123598101,11.967413821053,1.4520414140351146,0.6649678091798921,1.7338848267580538,0.9020648505418685,0.9972373023272783,1.164148720762264,0.35640110398276315
957.0,12.981217693658795,0.0,0.09267812979188142,0.8826914409446645,0.2290126981552419,0.15980954748093443,0.5184996245719423,68.86490643712992,2.3548527635404626,0.17326061270876503,2.4659801937235505e-05,0.826739387291235,7.92083716960685,1.6096830096321744,0.3128890473032121,0.0029803198563200873,0.09318507302444176,0.5939258796723461,11.899412923063673,1.4244695218887922,0.6657927464461468,1.7650443605918742,0.9036789358810775,0.9979526828005787,1.1507998813829516,0.3551372162885632
958.0,12.981248409625397,0.0,0.09247810558220135,0.9019478443320714,0.2293783463028775,0.1562101639466112,0.5219333841683099,68.86762125516908,2.3494922849250512,0.1645320368467994,2.752121083507591e-05,0.8354679631532006,7.8150305642538225,1.5874017042353357,0.2923073818104379,0.0032453554165372835,0.0931833292232605,0.6145092889663015,11.905482342800866,1.4322337334707722,0.6661205240648782,1.7369172902867938,0.8884081403968953,0.9982052986350882,1.1537067608992015,0.3631549834291621
959.0,12.981248765689102,0.0,0.09601369634679366,0.9540268144533042,0.2286831363350947,0.160540457380636,0.5147627099374757,69.23092155212856,2.3562391266573153,0.15013860663719564,3.2367942679180034e-05,0.8498613933628044,7.591059584513821,1.490269723198435,0.3206307566303303,0.007496704665393953,0.09320697981107065,0.586162263558599,11.988005497642558,1.4412563877316837,0.6684162038725033,1.7489494582271308,0.9402369972172386,0.9957430879923989,1.1690770227185723,0.32469933119517336
960.0,12.98126339477649,0.0,0.09052247320175386,0.9165181922584044,0.22891787487657356,0.16310648958649582,0.5174531623351767,68.71115374313467,2.3459383853515554,0.1584011337026999,2.7957308194711962e-05,0.8415988662973002,7.805129788725953,1.5758247818940403,0.289940404678669,0.0035450834702396706,0.09320312654488411,0.616856468776447,11.899455273000289,1.4249699759280245,0.6661930800489954,1.7582458086416817,0.8736659425693545,0.9974260025413255,1.158096103840395,0.34860223676100854
961.0,12.981283389475916,0.0,0.09004959244116759,0.8905833604977835,0.22971586124191162,0.160087379686305,0.5201471666306159,69.0302513524654,2.3566433974413408,0.1575585139270069,2.8024883786553277e-05,0.8424414860729931,7.82150663410961,1.6214542622613384,0.2806744428249962,0.0036757423830335962,0.0931901244723586,0.6261354327026453,11.89485537694283,1.4162441383399786,0.6639360743776616,1.7022460755371114,0.8696785641223927,0.9977063893959557,1.1579112627817547,0.357209258150814
962.0,12.981283805051328,0.0,0.08995995508657702,0.906386573219774,0.22938977980403588,0.15544836686023733,0.5252018982491496,68.9658149250719,2.360464000470567,0.14342198688805635,3.391164640511455e-05,0.8565780131119437,7.640350176802862,1.4966836515183277,0.2991410965288712,0.006266033599630254,0.09319151689109743,0.6076673865800313,12.001143525979368,1.4550923470931854,0.6645823522384869,1.6916518401709073,0.9010345627486904,0.9965626478362308,1.1644886294344183,0.3534907087289385
963.0,12.98128781718237,0.0,0.0913553900844473,0.9205851636031281,0.22930566493969962,0.15641203897473227,0.5229269060011208,68.85206611920869,2.35221909012601,0.1564316525544423,2.8874682440836922e-05,0.8435683474455576,7.755722855478683,1.569053256829789,0.29531064127388784,0.0035232169588063477,0.09319361070551438,0.6114957480205978,11.940589044454859,1.4331045703187002,0.6653521871453851,1.7294271827732044,0.902425249268628,0.997748476162994,1.1572980359390581,0.36122415713506745
964.0,12.981306691256412,0.0,0.09102417549097491,0.919605029250572,0.22946198954330807,0.15804065281291568,0.5214731821528014,68.88868411192232,2.3551764533442356,0.1564450872355107,3.0109804009153816e-05,0.8435549127644894,7.777103943135054,1.5528753026850264,0.2866762371236974,0.004017745968649943,0.09319668395230005,0.6201270789240025,11.931117580603923,1.4405962777067394,0.6660300560058922,1.7260301964037066,0.8788796977914639,0.997564425507012,1.159260281596326,0.3601593551898842
965.0,12.981309187371382,0.0,0.08832950204805039,0.9033122729865537,0.22895780841148414,0.16296592350089842,0.519746766039567,68.65576647926495,2.3412298068733963,0.1704114924766614,2.5816007026676134e-05,0.8295885075233387,7.833345319159749,1.6107200398564459,0.2938298682647338,0.0028912763567868946,0.09317677895892493,0.6129933527763413,11.895286891303828,1.4185445996267316,0.666969794216547,1.729292829734225,0.8829328911085444,0.9981504681962159,1.1558216985961183,0.36332413481644943
966.0,12.981315634248379,0.0,0.09058453386981438,0.9366140918754928,0.23016152772328233,0.1543156915297677,0.5249382468771355,68.98255809142722,2.356300692060716,0.146332646005149,3.1589638350521055e-05,0.8536673539948509,7.671483406507162,1.5464351579913707,0.2873662653670877,0.004178533149928991,0.09320237195842061,0.6194313626744916,11.965445382326553,1.4436468056003313,0.6652314751514968,1.6842229781105715,0.898593781770954,0.9971824742412428,1.165092530325155,0.3548520003662932
967.0,12.981333331550125,0.0,0.09202217817349337,0.9109636481849875,0.22927160002106567,0.15413211073904023,0.5245741110664007,68.95492929132469,2.357876561019772,0.15231447789722566,2.96791797471012e-05,0.8476855221027744,7.663194538724811,1.5337060782336063,0.29038796942692385,0.0048868507992738675,0.0931959250622467,0.6164161055108294,11.969103231927143,1.448392276163518,0.6651932542864738,1.701945280522723,0.8947735680599739,0.997610639703223,1.158045497811336,0.38273650263817377
968.0,12.981341420536573,0.0,0.09080379381993932,0.9128298590272887,0.2292848280949759,0.1654619270717789,0.514449451013306,69.06716121495734,2.3600406716075017,0.15527004140338227,3.006516197264709e-05,0.8447299585966177,7.714918345195612,1.535344822308261,0.3043415789227202,0.004006013464854762,0.09322440567430983,0.60243401540297,11.97589310754557,1.4383391492838462,0.6650897527614874,1.789272269629981,0.8819537356799745,0.9963068927174953,1.1630850001415427,0.31435340706905324
969.0,12.981350221329654,0.0,0.09119614487596756,0.9185704542680346,0.2290724380542845,0.16241571797377283,0.5173156990959752,68.73170666398974,2.3504518018922487,0.15752159903848695,2.8576418288088694e-05,0.842478400961513,7.791550494083733,1.5556271196464309,0.29409644913057065,0.0038825366784591767,0.09318586853741095,0.6127176823320184,11.92060214503795,1.4269892177432906,0.6662251007303408,1.7639129985152895,0.8763319478841494,0.9975481078779322,1.1613329874482783,0.345042081722037
970.0,12.981370504237773,0.0,0.09201743369527675,0.9146068546178386,0.2293835904098196,0.15565390142084845,0.5229450744740551,69.06609092660507,2.3554436151884404,0.15211449453425446,2.9944731270111532e-05,0.8478855054657455,7.699925957990482,1.5673040943541798,0.30046281298456057,0.004042128486934923,0.09319365318288653,0.6063435338325529,11.940138022516672,1.4341297048333184,0.6665339042895402,1.7266816458464027,0.8998340505805797,0.997631167480846,1.1587359761381355,0.3589605224406868
971.0,12.981396505166142,0.0,0.09067874293984855,0.9061961056672319,0.2292449460435204,0.15744939653321546,0.5226269144834157,68.96663151167455,2.3495081999598657,0.15753480370374495,2.884903047535654e-05,0.842465196296255,7.821693425423646,1.5694145855312638,0.29147190970735587,0.0034349753639323203,0.09317357786035274,0.6153545124322914,11.8734001738851,1.4297448246905518,0.6659749724806499,1.771162400427054,0.8855593793758436,0.9978567188334239,1.1544874081778105,0.3562690478319262
972.0,12.981405060758348,0.0,0.09251588152891689,0.9167192634662475,0.22941322976360587,0.1568772997676766,0.5211935889398007,68.94634886287335,2.3495239588093817,0.15378839870941605,2.9500566509195923e-05,0.8462116012905839,7.756162704037569,1.5620353320171394,0.2935233631707932,0.0035439436967111644,0.09318727908053707,0.6132893577486697,11.92674736457046,1.4375312360778563,0.6663509767197386,1.7602663678004753,0.8913817483869911,0.9974550002091588,1.158138811761658,0.34683979066529447
973.0,12.981413809425701,0.0,0.09049222051967862,0.9241879835039257,0.23000914155574254,0.15113263189434026,0.5283660060302386,68.96926880534647,2.356296413342755,0.15212119414656577,3.2237200818727285e-05,0.8478788058534341,7.650076293300716,1.4921324983746311,0.2834473952561013,0.005967644175687252,0.09318381950376473,0.623368785240134,11.992189669999444,1.4676665735347965,0.6657267221646759,1.6848096732100926,0.8918291793014985,0.997430457311535,1.1619039676117406,0.36815023322318985
974.0,12.98143758497909,0.0,0.0891832993876128,0.9222113913334786,0.23001688666502365,0.15370226144979032,0.5270975524975732,68.91146479924086,2.355956728756953,0.14573771535091362,3.2084436122702927e-05,0.8542622846490864,7.667628180706996,1.5224444428273667,0.29482567297172585,0.0046614276783190365,0.09319833613275004,0.6119759908955241,11.995965662770168,1.4587267704155011,0.6646515129015426,1.6779658887726936,0.8886998329851173,0.9971498850678313,1.1649143749657018,0.3674544099249015
975.0,12.981469205713074,0.0,0.09149093153547147,0.9290523968460183,0.22914896511852745,0.16748976698538337,0.5118703363606177,68.97785066877799,2.3598474270916308,0.15031749478335685,2.97296930516621e-05,0.8496825052166431,7.725672480907475,1.5389419332998726,0.29771472212385397,0.004375572448361687,0.09322317503773676,0.6090621028384092,11.937268181136147,1.4276769009676027,0.6663420838694424,1.7470889638912626,0.8781482185009417,0.9962502115646815,1.1678434726523679,0.3236025711472367
976.0,12.981499417591582,0.0,0.09227211913802541,0.9040823610671687,0.22925065348024476,0.15697452825899602,0.5215026991227338,68.96624400696854,2.3540084303268616,0.1628647244213907,2.81854756316051e-05,0.8371352755786093,7.784668752064907,1.5852883762043604,0.302418425979763,0.0032324422744411207,0.09318592986526987,0.6043956441549672,11.900749614962331,1.4253934731246318,0.6665508479486264,1.7351046921881363,0.8946843674830659,0.9980566760809249,1.1564486334820319,0.3607923633526825
977.0,12.981517804948972,0.0,0.09044220610820408,0.8964914007984683,0.229238946071944,0.1546395376765798,0.5256793101432721,68.78850169090295,2.3518273107002376,0.16736549470381415,2.7319859228821218e-05,0.8326345052961859,7.854819773732856,1.5683648781624309,0.28579080888433245,0.0034609360810568725,0.09317223588723758,0.62103695522843,11.900107630806644,1.4372517283992843,0.6651432868169649,1.715639686116855,0.8819252413773515,0.9980901739283072,1.1525021301196217,0.3635852169279239
978.0,12.981551574997692,0.0,0.09000304845176946,0.9030410504813676,0.22952239016984646,0.15617742083887723,0.5242971405395069,68.8617247614653,2.344901163666963,0.1614843428180873,2.82544178208303e-05,0.8385156571819127,7.813726815627651,1.5872073550187225,0.2914036462162649,0.0029148633363249967,0.09316275695380784,0.6154335968299273,11.896460472164103,1.4352600470624808,0.6661877624886594,1.7203653144661977,0.8896745787618562,0.9983779646312196,1.152339020579073,0.3670125757168645
979.0,12.981552922602372,0.0,0.09096497755802253,0.9222467735084743,0.22908406241849524,0.16543455635121257,0.5145164036722697,68.85273907645376,2.353365283015798,0.15668432452833458,2.8291694972237664e-05,0.8433156754716655,7.8055268961092255,1.5683423035701811,0.29573189659090804,0.0035280317738192206,0.09321261787019823,0.6110554855388938,11.888074587472296,1.421567383544745,0.6664925674438645,1.7574145914872112,0.8720958578841085,0.9969959667450252,1.1612949891716657,0.3387926947110178
980.0,12.981584541708251,0.0,0.09242446829169948,0.9116621979261967,0.22936019020187165,0.16124445300477663,0.5169708885016523,69.02636890845488,2.3570827944734574,0.15519879583102206,3.0094729808277647e-05,0.844801204168978,7.747070414794674,1.5484990767748785,0.29517701006208835,0.0038018385589745707,0.09319643607822191,0.6116265538596898,11.955540195643277,1.4372014512689097,0.6654820947827351,1.8045419694985347,0.8871135971936615,0.9970436506295401,1.1609652449769852,0.33506763446679483
981.0,12.981598376214633,0.0,0.09238305243883212,0.9088335686779302,0.2296839661042627,0.15950805650232047,0.5184249249545848,69.00123349359203,2.356274469128984,0.15927958864954014,2.8730373940291578e-05,0.8407204113504598,7.769442212840881,1.539950854319371,0.2947180264834673,0.00421098479857659,0.09319926068379163,0.6120827128327412,11.925853732342851,1.4421987169102868,0.6659532571638567,1.7968280608079337,0.9045730008869134,0.9974595738375469,1.1579340225151618,0.33587667306839347
982.0,12.981630609810967,0.0,0.090650887158762,0.9086244308005064,0.22919567556251616,0.15619704356552747,0.5239563937131945,68.73752396123474,2.3440019549261613,0.1598080171428416,2.8026984879564864e-05,0.8401919828571585,7.791362456412152,1.5801467365469053,0.287313382033301,0.0035137273110775985,0.09317576452044944,0.6195108534462496,11.91947543500441,1.4349840144093564,0.6658887073054449,1.7351393450247716,0.883215734241583,0.9981231729256371,1.1561380415384055,0.37265979111739533
983.0,12.981659123562439,0.0,0.08740956127030378,0.9302559010918674,0.2298839407926816,0.15104616284812372,0.5316603350888909,68.95611649611322,2.3557852563429247,0.13990969738007303,3.419169004732832e-05,0.8600903026199269,7.590506237939861,1.4938574395226396,0.27642687338692457,0.005233032410223086,0.09318190864616978,0.6303912179669057,12.035318613387544,1.469325667858234,0.6648897919504304,1.6504104068294083,0.8817211860194292,0.9971654450921332,1.1667696154148357,0.37882850923739614
984.0,12.98166026364521,0.0,0.09156452010886246,0.8977220245333684,0.22963935360820262,0.15647041970255288,0.5223257065803821,69.01057796224484,2.353935696652405,0.16018625160232774,2.9404173680459193e-05,0.8398137483976722,7.709539963098116,1.553080188901094,0.2987348062825614,0.005271567485150916,0.09319369772503987,0.6080714959923987,11.930264284087697,1.4372866298237343,0.6658103507112898,1.734651723707457,0.8960836811050479,0.9977467580853374,1.16013234937753,0.3568976866185157
985.0,12.981673723253776,0.0,0.09188859804340914,0.9148092633004594,0.22969973191434934,0.15889265604892844,0.519519013993313,68.99352573849195,2.3566784526253723,0.15699900572176353,3.0435529482760848e-05,0.8430009942782365,7.655194697800432,1.5114351553317622,0.308027261080214,0.005825519267503356,0.09320484195231199,0.598767896967474,11.957035609014863,1.4468555400011387,0.6667624306772204,1.7410767286885491,0.9090566099316878,0.997137687894082,1.1645375037389225,0.34290784117272544
986.0,12.981682974037387,0.0,0.0913920450855428,0.9078753368232518,0.22975524404244835,0.1535874464382398,0.525265264433769,69.08409138564804,2.3572193865807893,0.15290230806149466,2.9995065454773525e-05,0.8470976919385054,7.7460192413643005,1.5788687428146022,0.2930104275214804,0.003305689574011854,0.0931937005559451,0.6137958719225746,11.947760002582362,1.4394664804147221,0.6655370042222435,1.6696111038211368,0.8762114286450579,0.9975790465252616,1.1562681131253847,0.37234912617946625
987.0,12.981697400346622,0.0,0.09256475628146173,0.9029859289193614,0.22899484544654744,0.1628893211460648,0.515551077125926,68.93079240967093,2.3482839024642956,0.15231733986741913,3.546926019910099e-05,0.8476826601325809,7.8221333674040014,1.5910403680515723,0.29679247731682296,0.006305565203425445,0.09320715155666216,0.610000371126515,11.902837897705954,1.4328263072680085,0.6661804948627117,1.8184408282144695,0.878555657117768,0.9963300637961068,1.1569554556613517,0.36110463651980484
988.0,12.981703885500018,0.0,0.09145862518228098,0.9111833252904623,0.23015522788635331,0.1545348657230928,0.523851281208273,69.07126942809526,2.35389831327061,0.15690198603196057,2.9265455772775615e-05,0.8430980139680395,7.746537599561142,1.609765211974145,0.2964303547548307,0.0025249978774845114,0.09318831833820525,0.610381326906964,11.914085538421453,1.4224209369374472,0.6648857475724892,1.6737301825951203,0.9094754646264958,0.9979945682822631,1.1595673325346212,0.3550979655681422
989.0,12.981721090032357,0.0,0.0918692556056466,0.9156049264283879,0.2301629844776625,0.1535787126202399,0.524389047296451,69.14518159827418,2.3592504077972998,0.14396553905260026,3.152588523452851e-05,0.8560344609473998,7.654233212285297,1.5109475064166116,0.30705484759712226,0.0033999269525304084,0.0932040663303449,0.599741086072533,11.95022384749829,1.4523930092239659,0.664955740464707,1.7402838522174007,0.9135322817185387,0.9973684163242988,1.1663402001884124,0.34925352438788193
990.0,12.98173679387988,0.0,0.08937058674762606,0.9029762305834395,0.22976229012839214,0.15150570783192172,0.5293614152920602,68.84031265285722,2.3508506990893467,0.1636453825732168,2.9980826099727684e-05,0.8363546174267832,7.805367592352866,1.541854965310062,0.2801672303442078,0.003851063929160457,0.0931698265856175,0.6266629430701747,11.922715911452386,1.4523522015167405,0.6643022192711954,1.7173190025481082,0.8852823106100243,0.9980107270233332,1.1553516180994194,0.3622869789894172
991.0,12.981740109733305,0.0,0.09063795057918385,0.8876082873884625,0.2283120053851127,0.1665023504024839,0.5145476936332195,68.54102357993953,2.343007868872302,0.18184462243004557,2.2730980017564067e-05,0.8181553775699545,7.961804194513163,1.6453694867910618,0.3074244825326006,0.003161994131614118,0.09318652874230614,0.5993889887250933,11.80021060930337,1.3935525827760415,0.6668043572072997,1.614050968858268,0.867615590278935,0.9981260874769127,1.150137115220268,0.3631302799301047
992.0,12.981755384723629,0.0,0.0918594463012939,0.9159041400467576,0.22889616185522013,0.15689784279884275,0.5223465490446432,68.87929128186846,2.3487453855477045,0.1564317779355284,3.1615725155341714e-05,0.8435682220644717,7.772144666443394,1.5435718443853041,0.2991327058353314,0.004624546284017856,0.0931854996912493,0.6076817944734193,11.919628893851035,1.440771790423681,0.6648538156812456,1.733284580891496,0.878187682077774,0.9975521920660791,1.1591511348904115,0.36333752765696803
993.0,12.981758893062764,0.0,0.09370212645648371,0.9475146478904791,0.22913751621724004,0.15506127391144375,0.5220990834148325,68.98891238963593,2.355198706319551,0.14579587274106434,3.241303707272949e-05,0.8542041272589357,7.553991855595353,1.472699950098812,0.3039164579485248,0.008421901123852842,0.09320401257038671,0.6028795294810886,11.995175178770857,1.4515800515046382,0.666797951007821,1.6290961843895742,0.9306789803574126,0.9963614333433524,1.168919743823486,0.35001657023689425
994.0,12.981758978424956,0.0,0.0903020086431937,0.9442730977172394,0.23086119506514055,0.1539182260370974,0.5249185702545683,69.06492701251543,2.3554105982410656,0.14218429994414275,3.200386630182206e-05,0.8578157000558573,7.62612702464873,1.5672607736439308,0.2956840669267362,0.0029250976612803198,0.09320584095594764,0.6111100921173163,11.94293175377926,1.4355572602322775,0.6658008891308682,1.607689845482922,0.9210841713098922,0.9975000492651388,1.1664596962911318,0.3493330996608264
995.0,12.981765726650714,0.0,0.0905487141434053,0.9046317486658819,0.2291233771946696,0.15766961776896074,0.5226582908929644,68.85642558326323,2.348698213536232,0.16306399510172517,2.745166844212176e-05,0.8369360048982749,7.809918140698762,1.5914909654157143,0.29948022797231844,0.0032593334635344015,0.093183857716694,0.6073359143109877,11.903707931542609,1.4251532749247067,0.6661994955360824,1.7399376823277837,0.8819786305178012,0.9980386609209616,1.1567350754504226,0.3673062946996605
996.0,12.981774536562872,0.0,0.09165292380020834,0.9074013665146603,0.22923401238940377,0.1579794252006759,0.521133638609712,68.85011718070673,2.3516084335187997,0.1630785722368441,2.7506398668110613e-05,0.8369214277631559,7.789392757476901,1.5873230606932784,0.3009958632296377,0.003709464203888853,0.09318837048410522,0.6058157662862571,11.890253597489524,1.424624511749264,0.6664655606734914,1.699229448570287,0.8889504080530346,0.9980195583482168,1.156262401445944,0.3674682904448112
997.0,12.981836712263098,0.0,0.09379685049829271,0.886755253780531,0.2288756316873014,0.1653198342252511,0.5120076835891547,68.91271971832808,2.356535504274541,0.17849704007225897,2.3401505550259128e-05,0.821502959927741,7.960194635454166,1.6122524592239524,0.30689153125027385,0.0028491854603007612,0.09317370429662351,0.5999347644531027,11.814075225240831,1.4073696746253375,0.666830938083177,1.7390923557009648,0.8783136495653046,0.9981257696829055,1.1523078859758875,0.35579785013043286
998.0,12.9818380497648,0.0,0.09031546486467029,0.9156646334969096,0.22952490818255933,0.15041324742689624,0.5297463795258741,69.23220285988694,2.3468392430122833,0.1412629137590334,3.3062430714671e-05,0.8587370862409667,7.652459657874386,1.5484186678390324,0.2923460166867342,0.003741410913704598,0.09314631092453673,0.614507672388729,11.92193227536988,1.4423634245531225,0.6663876132283669,1.7221956105579004,0.9071911809354192,0.9983907955873276,1.1621208619122863,0.37514163141702117
999.0,12.981845722228366,0.0,0.09395712658724652,0.9271858062114023,0.22916106689610266,0.16407525157748032,0.5128065549391705,69.08163553292137,2.3544644711160414,0.15300060587303407,3.0443457829192366e-05,0.846999394126966,7.7094210172291335,1.5327007251665896,0.28736784324475906,0.004968337395544602,0.09322394131722216,0.6194082154380187,11.921652024056652,1.432610175216372,0.6673437698066133,1.8337329292808626,0.8821137709965508,0.9968736081391991,1.1638729654618072,0.3195724107583002
